7389,0,0
2001222559,3,3804
4001533330,1,7744
6001917997,0,11700
8002006672,1,15632
10002135989,0,19580
12002321138,0,20000
14002373275,0,20000
16003026429,0,20000
18003654951,0,20000
20004087649,0,20000
22004212040,0,20000
24004708371,0,20000
26005554885,0,20000
28006488020,0,20000
30006802486,0,20000
1232,0,0
1999792683,0,3920
4000080464,0,7860
6000920820,0,11780
8001019347,0,15720
10001145790,1,19644
12002059220,0,20000
14002339202,0,20000
16003317906,0,20000
18003361833,0,20000
20003421360,0,20000
22004205472,0,20000
24025110905,0,20000
26026046093,0,20000
28026704173,0,20000
30027610213,0,20000
1642,0,0
2000208960,0,3920
4000966799,0,7860
6001675374,0,11800
8002459076,0,15739
10002538309,0,19660
12003227179,0,20000
14003583929,0,20000
16004416074,0,20000
18005171860,0,20000
20005180482,0,20000
22005674350,0,20000
24005683381,0,20000
26006095554,0,20000
28007023352,0,20000
30007497104,0,20000
1232,0,0
2000126854,2,3907
4000304203,0,7860
6001045621,0,11820
8001343666,0,15740
10002073178,0,19700
12002412687,0,20000
14003314211,0,20000
16003829837,0,20000
18004672656,0,20000
20004893521,0,20000
22005913278,0,20000
24006297124,0,20000
26006629243,0,20000
28007302102,0,20000
30007871508,0,20000
821,0,0
1999885873,0,3900
4000431467,0,7840
6001162622,0,11760
8001201622,0,15680
10002033357,0,19600
12002551856,0,20000
14003496486,0,20000
16004127471,0,20000
18004471906,0,20000
20004687845,0,20000
22004729309,0,20000
24005810646,0,20000
26006616927,0,20000
28007042236,0,20000
30007469188,0,20000
7800,0,0
2018996056,1,3609
4019001393,0,7480
6019732958,0,11420
8019964908,0,15300
10020350396,0,19201
12020400481,0,20000
14020414849,0,20000
16020493671,0,20000
18021009297,0,20000
20021646850,0,20000
22021677230,0,20000
24021951053,0,20000
26022905947,0,20000
28022913336,0,20000
30023554174,0,20000
1232,0,0
1999478216,1,3812
3999475753,0,7720
5999515574,0,11620
8000030379,0,15520
10000051316,0,19440
12000900293,0,20000
14001564941,0,20000
16001752143,0,20000
18002503003,0,20000
20002583467,0,20000
22003467749,0,20000
24003507571,0,20000
26004510086,0,20000
28005358241,0,20000
30005375894,0,20000
821,0,0
2000822703,0,3880
4001764459,1,7784
6002085905,0,11700
8002175811,0,15580
10002741111,1,19498
12002852365,0,20000
14002869196,0,20000
16003658235,0,20000
18003753479,0,20000
20003952175,0,20000
22003982965,0,20000
24004358190,0,20000
26004385285,0,20000
28004431264,0,20000
30004418538,0,20000
821,0,0
2000238518,1,3900
4000569816,0,7900
6000920409,0,11900
8001232823,1,15891
10001585879,196,15961
12002403244,0,20000
14002245601,0,20000
16002572383,0,20000
18012916924,0,20000
20013244528,0,20000
22013600457,0,20000
24013914102,0,20000
26014247453,0,20000
28014584088,0,20000
30014939197,0,20000
1232,0,0
1999723303,0,3960
4000059117,1,7950
6000388773,1,11950
8000721713,2,15945
10001059990,1,19940
12001399087,0,20000
14001736133,0,20000
16002086726,0,20000
18002398729,0,20000
20002756711,0,20000
22003072409,0,20000
24003409044,0,20000
26003741163,0,20000
28004073282,0,20000
30004413611,0,20000
821,0,0
2000295993,0,3980
4000629343,0,7980
6000964746,0,11980
8001296044,0,15980
10001638016,0,19979
12001975472,0,20000
14002305128,0,20000
16002632731,0,20000
18002971418,0,20000
20003302306,0,20000
22003638120,0,20000
24003972291,0,20000
26004310157,0,20000
28004644740,0,20000
30004981785,0,20000
1232,0,0
2000419973,2,3965
4000745523,1,7964
6001089548,1,11960
8001417972,0,15960
10001762407,0,19960
12002087547,0,20000
14002418845,0,20000
16002755069,0,20000
18003094988,0,20000
20003426286,0,20000
22003770310,0,20000
24004091756,0,20000
26004450559,0,20000
28004770362,0,20000
30005122597,0,20000
1231,0,0
2000968441,2,3967
4000456099,1,7964
6000792323,1,11960
8001134295,0,15960
10001461077,0,19960
12001816596,0,20000
14002161442,0,20000
16002467697,0,20000
18002805974,0,20000
20003141788,0,20000
22003479244,0,20000
24003805205,0,20000
26004163187,0,20000
28004496538,0,20000
30004829888,0,20000
1232,0,0
1999518448,1,3970
3999848514,1,7970
6000183097,2,11965
8000525889,1,15960
10000876482,0,19960
12001200801,0,20000
14001550162,0,20000
16001867913,0,20000
18002196337,0,20000
20002527224,0,20000
22002863859,0,20000
24003202547,0,20000
26003541645,0,20000
28003865143,0,20000
30004223946,0,20000
821,0,0
2000678196,2,3967
4000686406,2,7965
6001026736,0,11960
8001380613,0,15960
10001712322,0,19960
12002033767,0,20000
14002387233,0,20000
16002711963,0,20000
18003049008,0,20000
20003416022,0,20000
22003746910,0,20000
24004104071,0,20000
26004462874,0,20000
28004778572,0,20000
30005111102,0,20000
821,0,0
2000061990,1,3969
3999847694,1,7964
6000180634,1,11960
8000518090,0,15960
10000847335,0,19960
12001195875,0,20000
14001520194,0,20000
16001853134,0,20000
18002191821,0,20000
20002525172,0,20000
22002860165,0,20000
24003196800,0,20000
26003535076,0,20000
28003860216,0,20000
30004198083,0,20000
821,0,0
2000052958,2,3885
4000067737,0,7800
6000542721,1,11664
8001042336,1,15592
10001078463,0,19500
12001107611,0,20000
14001112537,0,20000
16001118695,0,20000
18001991482,0,20000
20002031304,0,20000
22002051830,0,20000
24002057578,0,20000
26002284190,0,20000
28003267000,0,20000
30003493612,0,20000
821,0,0
2000145739,0,3900
4000193771,0,7820
6000215529,0,11740
8001100222,0,15660
10002010778,1,19580
12002652436,0,20000
14002650384,0,20000
16003299843,0,20000
18003306822,0,20000
20003332685,0,20000
22003668909,0,20000
24004112282,0,20000
26004347105,0,20000
28004367632,0,20000
30004447685,0,20000
1231,0,0
1999393236,0,3900
3999413763,0,7840
5999891620,1,11772
8000412583,0,15700
10001346129,0,19620
12001421666,0,20000
14002026788,0,20000
16002303896,0,20000
18002324012,0,20000
20002342075,0,20000
22002365886,0,20000
24002474676,0,20000
26002487813,0,20000
28003416022,0,20000
30003531381,0,20000
821,0,0
2000237287,0,3900
4001106790,1,7815
6001134706,0,11720
8001231591,0,15640
10001823165,0,19580
12001864218,0,20000
14002640120,0,20000
16003450918,0,20000
18004170577,0,20000
20004194388,0,20000
22004512960,0,20000
24004536770,0,20000
26004578644,0,20000
28004553602,0,20000
30004574539,0,20000
822,0,0
2000029559,0,3920
4000729923,0,7860
6000663828,0,11780
8001660595,0,15700
10001892956,0,19640
12001937703,0,20000
14002826912,0,20000
16002831017,0,20000
18002922565,0,20000
20002862628,0,20000
22002948839,0,20000
24003827785,0,20000
26004510497,0,20000
28004606150,0,20000
30004773646,0,20000
821,0,0
1999300456,0,3880
4000220455,1,7792
6000453636,2,11725
8000882640,2,15645
10001001694,0,19560
12000965978,0,20000
14000936009,0,20000
16001182738,0,20000
18001233643,0,20000
20001227075,0,20000
22001236517,0,20000
24001282496,0,20000
26001271412,0,20000
28001767743,0,20000
30001764459,0,20000
1231,0,0
1999645712,2,3885
3999678965,0,7820
6000106327,0,11740
8000905219,0,15661
10001808796,0,19600
12002012829,0,20000
14002649972,0,20000
16002646688,0,20000
18002755889,0,20000
20002771489,0,20000
22002698415,0,20000
24002721815,0,20000
26002812953,0,20000
28003608561,0,20000
30008226616,0,20000
1231,0,0
2000027095,0,3880
4000036127,0,7800
6000128906,0,11720
8001050136,0,15640
10001937292,0,19540
12002023504,0,20000
14002542003,0,20000
16002828964,0,20000
18003190231,0,20000
20003200494,0,20000
22003208704,0,20000
24003219378,0,20000
26003832300,0,20000
28003858574,0,20000
30003907016,0,20000
1642,0,0
2000704880,0,3899
4000730744,0,7840
6001355571,0,11780
8002330170,1,15704
10002487403,1,19644
12002498898,0,20000
14002653257,0,20000
16002988250,0,20000
18004008828,0,20000
20004746140,0,20000
22005677634,0,20000
24005703497,0,20000
26006579979,0,20000
28006859140,0,20000
30007537746,0,20000
2464,0,0
2000055422,0,3860
4000058706,0,7760
6000275056,0,11660
8000356751,1,15544
10000335404,0,19480
12000391646,0,20000
14000511111,0,20000
16001252528,0,20000
18001362550,0,20000
20001831376,0,20000
22001883103,0,20000
24001917177,0,20000
26001933187,0,20000
28002890955,0,20000
30002924618,0,20000
2052,0,0
1999875198,0,3940
4000515215,0,7921
6000594447,0,11920
8000875250,1,15892
10001345307,2,19807
12001377739,0,20000
14001384308,0,20000
16001350644,0,20000
18002020629,0,20000
20002054293,0,20000
22002714836,0,20000
24003044902,0,20000
26003372916,0,20000
28003714477,0,20000
30004054396,0,20000
1231,0,0
2000141222,0,3900
4001136758,0,7840
6001386771,0,11760
8001952071,0,15699
10002361370,0,19640
12002986607,0,20000
14002980039,0,20000
16002986197,0,20000
18003017808,0,20000
20003675477,0,20000
22003854058,0,20000
24004844667,0,20000
26004898857,0,20000
28005027353,0,20000
30005733055,0,20000
2053,0,0
2000456510,0,3881
4001168780,0,7800
6001672911,0,11720
8001849439,0,15640
10001915124,2,19565
12002895470,0,20000
14003225537,0,20000
16004101608,0,20000
18004174272,0,20000
20004682509,0,20000
22005475242,0,20000
24005485506,0,20000
26005714582,0,20000
28005757687,0,20000
30006041364,0,20000
2053,0,0
2000480732,2,3865
4001247191,0,7800
6001472162,0,11740
8001654438,0,15661
10002164727,0,19599
12002475087,0,20000
14002958282,0,20000
16003273979,0,20000
18003292043,0,20000
20004207525,0,20000
22004228873,0,20000
24004250631,0,20000
26004255557,0,20000
28004290042,0,20000
30005205935,0,20000
9032,0,0
2041031269,352,1379
4041987394,1,7484
6042188554,0,11380
8042581020,0,15040
10043184910,0,18760
12043500608,0,20000
14044409933,0,20000
16044471102,0,20000
18045422711,0,20000
20045962148,0,20000
22046223655,0,20000
24046458889,0,20000
26046847662,0,20000
28047148991,0,20000
30047913809,0,20000
7800,0,0
2008601391,0,2561
4008678981,0,5121
6008780382,0,7681
8008855508,1,10240
10008967583,0,12801
12008980719,0,15340
14011164731,3,16905
16009201994,0,19461
18011992766,0,20000
20012201725,0,20000
22012302715,0,20000
24012381126,0,20000
26012617591,0,20000
28012764149,0,20000
30012859802,0,20000
1232,0,0
1990995881,1,2560
3991225366,0,5121
5991329230,0,7681
7991485230,0,10241
9991393272,0,12801
11991575957,0,15361
13991548041,0,17920
15993235724,0,20000
17994680373,0,20000
19993454946,0,20000
21993548546,0,20000
23993714810,0,20000
25993740674,0,20000
27993964001,0,20000
29994052265,0,20000
1232,0,0
1998741730,1,2560
3998885005,0,5121
5998926468,1,7681
7999036079,0,10241
9999119827,1,12800
11999211375,1,15360
13999353828,0,17921
16000809562,0,20000
18000947910,0,20000
20000988963,0,20000
22001135932,0,20000
24001186427,0,20000
26001275512,0,20000
28001363365,0,20000
30001511976,0,20000
1231,0,0
1986913175,1,2540
3986997744,0,5101
5987101197,0,7661
7987177555,0,10220
9987247345,1,12780
11987386104,1,15340
13987469441,1,17900
15988887817,0,20000
17989045870,0,20000
19989140702,0,20000
21989200639,0,20000
23989330777,0,20000
25989443262,0,20000
27989543020,0,20000
29989637442,0,20000
1232,0,0
1999348902,1,2560
3999409250,0,5120
5999455639,1,7681
7999596040,0,10240
9999708935,1,12800
11999816083,1,15360
13999900242,0,17921
16001360902,0,20000
18001452449,0,20000
20001479134,0,20000
22001638008,0,20000
24001732430,0,20000
26001825620,0,20000
28001923736,0,20000
30002023084,0,20000
1231,0,0
1992685204,1,2561
3992973395,0,5121
5992886774,0,7681
7993047291,0,10241
9993142944,0,12801
11993239418,0,15361
13993233260,0,17920
15994928742,0,20000
17995011669,0,20000
19995106912,0,20000
21995202975,0,20000
23995299449,0,20000
25995390997,0,20000
27995515798,0,20000
29995599135,0,20000
1642,0,0
1994388077,0,0
3997735115,43,5
5997843084,177,10
7997931758,317,22
9998028232,451,28
11998119780,586,36
13998216665,719,49
15998310265,855,56
17998403455,990,63
19999874379,1060,70
21999958537,2677,3832
24000046390,1999,12088
26000156822,0,20000
28000245086,0,20000
30000341970,0,20000
32000435981,0,20000
34000521371,0,20000
36000614561,0,20000
38000706520,0,20000
40000819826,0,20000
42000897005,0,20000
821,0,0
1996297444,1,2560
3996354097,0,5120
5996545404,0,7681
7996543761,1,10241
9996657478,0,12801
11996744920,0,15361
13996842216,0,17921
15998214202,0,20000
17998308213,0,20000
19998403045,0,20000
21998492129,0,20000
23998591888,0,20000
25998678509,0,20000
27998779910,0,20000
29998959311,0,20000
1232,0,0
1999832094,0,2560
3999931853,1,5120
6000013548,0,7680
8000101811,0,10240
10000214296,0,12800
12000300507,0,15360
14000387129,0,17920
16002803088,0,20000
18002870415,0,20000
20002968531,0,20000
22003060079,0,20000
24003158195,0,20000
26003264933,0,20000
28003344986,0,20000
30003455418,0,20000
1232,0,0
1998704783,15,1
3998816447,151,9
5998887879,285,15
7998984353,419,23
9999095196,552,28
11999178533,687,35
13999278292,826,48
15999364092,962,56
18000851436,1057,65
20000998406,1063,71
22001041922,1068,76
24001127311,1072,82
26001226659,1079,89
28001321081,1085,95
30001423713,1092,104
32001508282,1098,110
34001663872,1106,120
36001703283,1111,125
38001960684,1116,131
40002072348,1121,137
42002075632,1999,10005
44002153633,0,20000
46002244359,0,20000
48002367518,0,20000
50002529677,0,20000
52002548561,0,20000
54002721804,0,20000
56002745204,0,20000
58002831004,0,20000
60002915984,0,20000
1642,0,0
2012560116,0,2460
4012680401,1,5020
6028423345,0,7601
8028523924,0,10161
10028523103,0,12721
12028695115,0,15281
14028800620,1,17840
16031191127,0,20000
18031376686,0,20000
20031445244,0,20000
22031484245,0,20000
24031566761,0,20000
26031660772,0,20000
28031773667,0,20000
821,0,0
1998612004,0,0
3998760615,124,5
5998886647,257,10
7998967521,390,15
9999059480,522,19
11999107922,654,24
13999256533,788,30
15999359165,920,35
18000892079,1036,40
20013493248,1040,44
22013541690,1436,470
24013633649,723,19091
26013739565,0,20000
28013845482,0,20000
30013942777,0,20000
32014029809,0,20000
34014114378,0,20000
36014226452,0,20000
38014400105,0,20000
40014499453,0,20000
821,0,0
1996276918,1,2560
3996374213,1,5120
5996469045,1,7680
7996555256,0,10240
9996597541,0,12801
11996753952,1,15360
13996825794,0,17920
15998296718,0,20000
17998419876,0,20000
19998470782,0,20000
21998622677,0,20000
23998716688,0,20000
25998804131,0,20000
27998905531,0,20000
29999008985,0,20000
1231,0,0
2011625754,28,2
4011698007,163,9
6011821576,298,16
8011906966,431,23
10012032998,564,28
12012037103,698,34
14012211578,832,40
16012324063,966,46
18013840144,1049,55
20014129567,1055,61
22014283925,1061,67
24014460042,1069,79
26014635748,1075,87
28014728117,1082,94
30014823360,1088,100
32014854970,1095,107
34015073782,1102,114
36015139877,1108,122
38015270836,1121,135
40015354583,1127,141
42015552869,1136,152
44015669048,1144,160
46015905102,1151,167
48016004860,1159,177
50016087787,1167,187
52016194935,1175,197
54016276630,1182,204
56016515558,1190,214
58016760233,1198,222
60016825096,1205,231
62016920339,1213,239
64016999160,1219,245
66017105487,1225,251
68017294741,1611,667
70017401067,0,20000
72017492615,0,20000
74017679816,0,20000
76017789427,0,20000
78017803796,0,20000
80017899038,0,20000
821,0,0
3868244190,0,2561
5868262253,0,5120
7868431802,0,7681
9868492149,1,10240
11868614897,0,12801
13868671961,0,15360
15868768435,0,17920
17870258243,0,20000
19870338706,0,20000
21870401106,0,20000
23870540686,0,20000
25870687655,0,20000
27870876909,0,20000
29871065752,0,20000
31871211489,0,20000
821,0,0
1986990765,0,2541
3987059324,0,5101
5987083955,0,7660
7987179608,1,10221
9987340125,0,12781
11987371736,0,15341
13987480936,0,17900
15989909622,0,20000
17990217519,0,20000
19990309888,0,20000
21990615321,0,20000
23990657605,0,20000
25990805395,0,20000
27990888322,0,20000
29991002038,0,20000
821,0,0
1989549178,1,2540
3989635389,0,5101
5989738021,0,7660
7989830801,1,10220
9989945338,0,12781
11990022518,1,15340
13990113655,1,17900
15992511551,0,20000
17992608847,0,20000
19992635942,0,20000
21992794406,0,20000
23992888006,0,20000
25993107639,0,20000
27993200418,0,20000
29993294840,0,20000
1232,0,0
1988748648,1,2540
3988896849,0,5101
5988937901,1,7660
7989023291,0,10220
9989190376,0,12781
11989218292,1,15340
13989300809,0,17900
15990754900,0,20000
17990819353,0,20000
19990944975,0,20000
21990995059,0,20000
23991282019,0,20000
25991380135,0,20000
27991415851,0,20000
29991568157,0,20000
821,0,0
1988694458,1,2540
3988785185,0,5100
5988926817,0,7661
7989017955,0,10221
9989048334,0,12780
11989161229,1,15340
13989256882,1,17900
15990673205,0,20000
17990858764,0,20000
19990963038,0,20000
21991046376,0,20000
23991145723,0,20000
25991236040,0,20000
27991394504,0,20000
29991502062,0,20000
822,0,0
1985700475,1,2540
3985755075,0,5100
5985847855,0,7660
7985945150,0,10220
9986037929,0,12780
11986137688,0,15340
13986232520,0,17900
15988753575,0,20000
17988845533,0,20000
19988869344,0,20000
21988966639,0,20000
23989059008,0,20000
25989153019,0,20000
27989363620,0,20000
29989459684,0,20000
821,0,0
2002439770,1,2560
4002548149,1,5120
6002618760,1,7680
8002743561,0,10241
10002847835,0,12801
12002936920,0,15361
14003013278,0,17921
16004577802,0,20000
18004675508,0,20000
20004773213,0,20000
22004866814,0,20000
24004867635,0,20000
26005003109,0,20000
28005147615,0,20000
30005242447,0,20000
1231,0,0
2000281622,0,2560
4000380559,0,5120
6000471286,0,7680
8000571455,0,10240
10000673677,0,12801
12000693382,0,15360
14000848151,0,17920
16002299780,0,20000
18002451265,0,20000
20002555539,0,20000
22002642160,0,20000
24002786256,0,20000
26002950057,0,20000
28002980436,0,20000
30003145058,0,20000
821,0,0
1988461278,0,2540
3988637394,0,5101
5988719500,0,7661
7988769584,0,10220
9988855385,0,12780
11988961301,0,15340
13989112376,0,17901
15990505709,0,20000
17990726163,0,20000
19991004501,0,20000
21991020512,0,20000
23991132586,0,20000
25991283660,0,20000
27991376850,0,20000
29991418314,0,20000
1231,0,0
1996830720,0,2560
3996252286,0,5121
5996346297,0,7681
7996430455,0,10241
9996544582,0,12801
11996629151,0,15361
13996753951,0,17921
15998242527,0,20000
17998338591,0,20000
19998431371,0,20000
21998525382,0,20000
23998621445,0,20000
25998714635,0,20000
27998808646,0,20000
29998857910,0,20000
1232,0,0
1986115929,0,2540
3986204603,0,5100
5986299846,0,7660
7986399194,0,10220
9986494026,0,12780
11986598711,0,15340
13986694774,0,17900
15989263861,0,20000
17989348430,0,20000
19989443673,0,20000
21989537684,0,20000
23989636210,0,20000
25989730632,0,20000
27989911675,0,20000
29990103802,0,20000
8211,0,0
2018625287,0,3880
4019384765,0,7820
6019439366,0,11780
8020315024,0,15720
10021202587,0,19680
12021396357,0,20000
14021728475,0,20000
16022720313,0,20000
18023187905,0,20000
20023165326,0,20000
22023194884,0,20000
24024222027,0,20000
26024259386,0,20000
28024280323,0,20000
30024286481,0,20000
1231,0,0
1999542260,0,3920
4000496329,0,7860
6001525115,0,11800
8001794422,0,15740
10002350688,0,19680
12002499710,0,20000
14002534195,0,20000
16002551026,0,20000
18002558416,0,20000
20002879039,0,20000
22002908186,0,20000
24002921734,0,20000
26003614707,0,20000
28004195605,0,20000
30004895557,0,20000
1231,0,0
1999349722,1,3912
3999377228,0,7840
6000278749,1,11790
8000421203,0,15740
10001114996,0,19680
12001144144,0,20000
14001149891,0,20000
16001157691,0,20000
18001175755,0,20000
20002005844,0,20000
22002949240,0,20000
24002964429,0,20000
26003681623,0,20000
28003724318,0,20000
30003744845,0,20000
821,0,0
2000254117,2,3925
4000411760,1,7864
6001094880,0,11800
8001359671,0,15740
10001372398,0,19680
12001408114,0,20000
14001426588,0,20000
16001415093,0,20000
18001510336,0,20000
20001456146,0,20000
22001452451,0,20000
24001720526,0,20000
26001759527,0,20000
28001739821,0,20000
30001757885,0,20000
821,0,0
2000721709,2,3905
4001480367,0,7840
6002310867,0,11800
8002953755,1,15744
10003264115,2,19685
12004187805,0,20000
14004218184,0,20000
16004893915,0,20000
18004920189,0,20000
20005953079,0,20000
22005888216,0,20000
24005984690,0,20000
26006046680,0,20000
28007104202,0,20000
30008172399,0,20000
1232,0,0
2004593819,0,3900
4004593819,0,7840
6005299929,0,11780
8005811037,0,15700
10006371409,0,19620
12006666169,0,20000
14006770854,0,20000
16007103793,0,20000
18007080803,0,20000
20007109951,0,20000
22007752839,0,20000
24008079209,0,20000
26008581697,0,20000
28009133037,0,20000
30009898674,0,20000
821,0,0
1999829630,181,4
3999843999,381,7
5999979473,597,26
8000011495,797,29
10000503308,997,33
12001451630,1049,51
14001467641,1052,54
16001498020,1057,59
18001759116,1066,70
20002127361,1085,89
22002157740,1092,98
24002461942,1099,105
26002467279,1104,110
28003102367,1108,114
30003878266,3910,5113
32004071215,0,20000
34004388143,0,20000
36004721493,0,20000
38005229728,0,20000
40005597562,0,20000
42006421493,0,20000
44007124319,0,20000
46007481068,0,20000
48007793481,0,20000
50008465927,0,20000
821,0,0
1999757788,1,3944
4000187201,0,7900
6000291475,0,11820
8001057112,1,15764
10001080922,1,19740
12001636368,0,20000
14002164719,0,20000
16002190171,0,20000
18002271456,0,20000
20003264936,0,20000
22003551485,0,20000
24004293311,0,20000
26004322048,0,20000
28004322459,0,20000
30004684545,0,20000
2464,0,0
2000371529,0,3980
4000704057,1,7972
6001600242,0,11940
8001947139,0,15940
10001957813,0,19900
12002029655,0,20000
14002329341,0,20000
16002463174,0,20000
18002812123,0,20000
20003380706,0,20000
22003973920,0,20000
24004876673,0,20000
26005694857,0,20000
28005928448,0,20000
30006254819,0,20000
821,0,0
1999578798,1,3960
3999924463,0,7960
6000231539,0,11960
8000559141,0,15960
10000893311,0,19960
12001222556,0,20000
14001541537,0,20000
16001890076,0,20000
18002198383,0,20000
20002525164,0,20000
22002873703,0,20000
24003359359,0,20000
26003688603,0,20000
28004020310,0,20000
30004328617,0,20000
1231,0,0
1999864525,0,3880
3999932673,0,7800
5999883410,0,11720
8000187201,2,15645
10001195460,0,19580
12001248418,0,20000
14001217218,0,20000
16001327650,0,20000
18002046897,0,20000
20002074813,0,20000
22002613016,0,20000
24002650785,0,20000
26002649553,0,20000
28002745207,0,20000
30003491138,0,20000
821,0,0
1999581260,0,3900
3999593576,0,7820
6000508235,0,11739
8001339556,0,15660
10001681937,0,19580
12002009539,0,20000
14002025139,0,20000
16002018160,0,20000
18002067423,0,20000
20002196330,0,20000
22002323183,0,20000
24002441415,0,20000
26002539532,0,20000
28003409032,0,20000
30003464453,0,20000
821,0,0
1999931442,0,3900
4000457329,0,7840
6000899058,2,11745
8001315745,2,15665
10001314103,0,19600
12002093287,0,20000
14002012823,0,20000
16002827723,0,20000
18002847429,0,20000
20002845787,0,20000
22002864260,0,20000
24002866313,0,20000
26002883555,0,20000
28002901619,0,20000
30003416422,0,20000
1231,0,0
1999643660,0,3900
3999892852,0,7840
6000755783,0,11780
8000946679,0,15700
10000993890,0,19620
12001029196,0,20000
14001243492,0,20000
16001244723,0,20000
18001262787,0,20000
20001275513,0,20000
22001371166,0,20000
24001491451,0,20000
26001516493,0,20000
28001619536,0,20000
30001647863,0,20000
1232,0,0
1999857547,0,0
3999912147,132,3
5999907631,333,7
7999924873,534,11
9999958537,736,16
11999946631,936,20
13999960179,1025,27
16000957354,1029,31
18000976648,1033,35
20000906859,1037,39
22001476262,1041,43
24001484473,1044,46
26001830959,1049,53
28001868728,1058,62
30001873654,1069,73
32001880223,1072,76
34001911012,1076,80
36002870008,1079,83
38002969766,1083,87
40002894640,1086,90
42002912703,1090,94
44002952524,1094,98
46003747719,1098,103
48004462449,1102,108
50004485029,1106,112
52004504323,1110,116
54004520334,1115,121
56004688240,1120,126
58005044990,1125,131
60005090148,1130,136
62005095896,1135,141
64005097127,1139,145
66005113548,1142,148
68005230960,1147,153
70006133713,1151,157
72006761411,1157,163
74007081624,2147,3156
76007113645,0,20000
78007187130,0,20000
80007863682,0,20000
82007999977,0,20000
84008032409,0,20000
86008916688,0,20000
88009183943,0,20000
90009192974,0,20000
92009197490,0,20000
821,0,0
2000143685,2,3905
4001040691,0,7860
6001534146,1,11790
8002359309,0,15720
10003351968,0,19660
12004141415,0,20000
14004786767,0,20000
16004836441,0,20000
18005395992,0,20000
20005989617,0,20000
22006007269,0,20000
24006094712,0,20000
26006453514,0,20000
28006673968,0,20000
30007586574,0,20000
1232,0,0
1999594808,96,13
3999702367,334,60
5999739314,538,67
7999754504,742,74
10000513161,947,82
12000628520,1074,90
14000677373,1082,100
16001398262,1089,107
18001440136,1095,113
20001435620,1101,121
22001531683,1106,126
24002406931,1115,135
26002415552,1121,141
28002429510,1126,148
30003331442,1133,155
32003413959,1138,160
34004060952,1146,168
36004084763,1153,191
38004969863,1158,196
40005647236,1163,232
42005676794,1171,263
44005683362,1178,270
46005707173,1184,276
48005723184,1189,283
50006593916,1194,288
52006633326,1206,302
54006615674,1214,310
56006638253,1222,320
58007276215,1229,327
60007300846,1237,335
62008247116,2010,1321
64008277495,0,20000
66008312390,0,20000
68008345642,0,20000
70009016447,0,20000
72009142069,0,20000
74009152332,0,20000
76010016495,0,20000
78010793216,0,20000
80010817437,0,20000
821,0,0
1999547597,0,3900
4000355929,0,7839
6000986912,0,11760
8001681527,0,15700
10001920865,2,19625
12002047308,0,20000
14002535016,0,20000
16002844555,0,20000
18002911061,0,20000
20002950472,0,20000
22002930356,0,20000
24003034630,0,20000
26003169694,0,20000
28004032626,0,20000
30004075321,0,20000
1232,0,0
2000660131,0,3920
4000754552,0,7840
6001026733,1,11784
8002056339,0,15740
10002211519,1,19689
12002447984,0,20000
14002434847,0,20000
16002898334,0,20000
18003388095,0,20000
20004347912,0,20000
22004363512,0,20000
24004310143,0,20000
26004290848,0,20000
28004294543,0,20000
30004318764,0,20000
821,0,0
1994466480,118,7
3994586355,255,15
5994675850,388,22
7994794082,520,27
9994872904,655,34
11994984978,789,41
13995073653,922,47
15996533904,1046,52
17996579473,1052,60
19996678410,1058,66
21996751895,1063,71
23996864380,1067,77
25996955107,1074,84
27997038444,1079,89
29997135329,1084,96
31997270803,1090,102
33997419415,1096,108
35997425983,1104,118
37997530668,1111,125
39997637816,1117,133
41997731006,1123,139
43997838975,1131,147
45997918618,1139,157
47998033977,1145,163
49998115672,1151,169
51998191209,1156,176
53998300410,1162,182
55998403042,1168,190
57998488022,1736,808
59998609949,0,20000
61998771286,0,20000
63998791813,0,20000
65998955203,0,20000
67998990098,0,20000
69999096425,0,20000
2052,0,0
1994841704,0,2501
3994778893,0,5061
5994840472,0,7620
7994949673,1,10180
9995037937,0,12740
11995133179,0,15300
13995214054,44,16961
15996751484,159,16969
17996886138,172,16982
19996960444,180,16990
21997027360,187,16997
23997131634,194,17004
25997277782,201,17011
27997334435,207,17017
29997451847,214,17026
31997514658,222,17034
33997603332,228,17040
35997706785,233,17045
37997825428,239,17053
39997916976,244,17058
41998025766,250,17065
43998102535,255,17071
45998195725,260,17076
47998288915,266,17082
49998399758,271,17089
51998485969,276,17094
53998615286,283,17101
55998700265,288,17106
57998803718,296,17116
59998920719,301,17121
61998985172,527,17670
63999087804,590,17754
65999196595,574,17780
67999293069,566,17799
69999379690,557,17819
71999483965,549,17839
73999550470,526,17876
75999683892,517,17901
77999782419,505,17927
79999892031,491,17954
81999958536,475,17983
84000039000,463,18008
86000154359,452,18032
88000228254,444,18053
90000318570,431,18080
92000416276,417,18108
94000510698,0,20000
96000636730,0,20000
98000735257,0,20000
100000830910,0,20000
102000912195,0,20000
104001033711,0,20000
106001114586,0,20000
108001198334,0,20000
110001312050,0,20000
1232,0,0
1986443514,0,2520
3986541220,0,5080
5986639337,0,7640
7986851991,0,10201
9986826948,0,12760
11986926296,0,15320
13987026055,0,17880
15988654213,0,20000
17988735497,0,20000
19988833203,0,20000
21988932962,0,20000
23989035183,0,20000
25989116468,0,20000
27989217458,0,20000
29989315575,0,20000
1642,0,0
1990973290,0,2501
3991040617,1,5060
5991165418,0,7621
7991245882,1,10180
9991334556,1,12740
11991415841,0,15300
13991512725,0,17860
15994076889,0,20000
17994160226,0,20000
19994258343,0,20000
21994378628,0,20000
23994444312,0,20000
25994555566,0,20000
27994639314,0,20000
29994734556,0,20000
2052,0,0
1997609490,0,2541
3997558995,0,5100
5997672301,0,7661
7997877155,0,10221
9997868123,1,12780
11997949818,1,15340
13998056145,1,17900
16000599372,0,20000
18000692973,0,20000
20000811205,0,20000
22000928616,0,20000
24001004153,0,20000
26001078870,0,20000
28001232408,0,20000
30001299734,0,20000
2053,0,0
1994648345,0,2521
3994767398,0,5081
5994815430,1,7640
7994903283,1,10200
9995019463,1,12760
11995098695,1,15320
13995214464,0,17880
15996769137,0,20000
17996860685,0,20000
19996961265,0,20000
21997050350,0,20000
23997157908,0,20000
25997247814,0,20000
27997351678,0,20000
29997458826,0,20000
8210,0,0
2005057720,0,2180
4013362727,0,4421
6028340066,0,6780
8040676881,0,9181
10054990804,0,11500
12107549222,0,13320
14120696832,0,15300
16121327816,0,17641
18122698983,0,20000
20129789645,0,20000
22131710101,0,20000
24142904412,0,20000
26149227794,0,20000
28150378097,0,20000
6316,0,0
2001043738,0,3860
4001475997,0,7840
6001884571,0,11840
8001918126,0,15820
10002335779,1,19804
12002777907,0,20000
14003180560,0,20000
16003599397,0,20000
18004016261,0,20000
20004439046,0,20000
22004855515,0,20000
5132,0,0
2001030316,0,3680
4001082424,0,7581
6001095056,0,11520
8001463364,2,15445
10001776406,0,19380
12001808776,0,20000
14001798907,0,20000
16002293538,0,20000
18002329066,0,20000
20002366173,0,20000
5921,0,0
2000478841,0,3600
4000776094,2,7287
6000892153,0,11100
8001312175,0,14920
10001330729,2,18625
12001395864,0,20000
14001927208,0,20000
16002364995,0,20000
18003244121,0,20000
20004449711,0,20000
22004580771,0,20000
24004665249,0,20000
26005075798,0,20000
28005533717,0,20000
30006291257,0,20000
790,0,0
2000067504,0,3800
4000653719,0,7620
6002842652,2,11316
6317,0,0
2008021469,0,2541
4023522799,0,5120
6039138214,0,7701
8054529406,0,10281
10069969944,0,12861
12085467721,0,15441
14101023132,0,18021
16116411167,0,20000
18131920392,0,20000
20147402774,0,20000
22162934105,0,20000
24178363589,0,20000
26193873209,0,20000
28209329931,0,20000
790,0,0
2003871385,1,2540
4020581462,1,5084
6034848386,0,7661
8050466958,0,10241
10066596347,0,12821
12081500804,0,15401
14096944894,0,17981
16112254767,0,20000
18127684646,0,20000
20143236899,0,20000
22158701517,0,20000
24174194557,0,20000
26189629962,0,20000
28205149056,0,20000
5526,0,0
1999977893,0,3580
4000175667,0,7380
6000796620,0,11180
8000866097,0,14980
10000896888,0,18800
12001571529,0,20000
14002417494,0,20000
16003076738,0,20000
18003962179,0,20000
20004329698,0,20000
22004692480,0,20000
24005051314,0,20000
26005554235,0,20000
28006550603,0,20000
30007471177,0,20000
6316,0,0
2000532527,0,3560
4001235590,0,7360
6316,0,0
2000790304,0,3481
4001704957,0,7260
7106,0,0
2000662798,0,3520
4000984525,0,7260
6001799304,0,11040
5527,0,0
1999513265,0,3500
4000146061,0,7240
6000832544,0,11040
8001047292,0,14860
10001406126,0,18660
12001481525,0,20000
14002201167,0,20000
16002678034,0,20000
18003480576,0,20000
20003517683,0,20000
22003770328,0,20000
5922,0,0
2000766619,1,3550
4001489024,0,7280
6001819831,0,11060
8001904703,0,14880
10001975760,0,18680
12002829225,0,20000
14003581237,0,20000
16003599001,0,20000
18004101922,0,20000
20004528654,0,20000
22005442122,0,20000
24006265980,0,20000
26007119840,0,20000
28007411960,0,20000
30008268978,0,20000
5922,0,0
2001207957,1,3351
4001312963,0,6801
6001479155,2,10545
8002256037,0,14300
10002661848,0,18081
12003154110,0,20000
14003852435,0,20000
16003932176,0,20000
18004142582,0,20000
20004525102,0,20000
5921,0,0
22109431815,0,20000
2000159877,0,2460
24109969474,0,20000
4000699510,1,6212
26110037372,0,20000
6001066239,1,9971
28110928339,0,20000
8001165323,0,13720
10002073264,0,17460
12002207877,0,20000
14002600265,0,20000
16003306486,0,20000
18003979941,0,20000
20004266140,0,20000
22004396805,0,20000
24004863408,0,20000
26005223032,0,20000
28005468571,0,20000
30006373354,0,20000
394,0,0
2000188694,2,3765
4000571213,0,7580
6001462180,0,11360
8001845884,2,15127
10001961943,0,18920
12002205903,0,20000
14002988706,0,20000
16003437150,0,20000
18003493601,0,20000
20003635318,0,20000
22004013496,0,20000
24004459177,0,20000
26005056839,0,20000
28005573576,0,20000
30005650948,0,20000
790,0,0
1999448524,0,3700
3999464710,0,7500
5999599322,0,11280
7999751698,0,15040
10000729511,0,18780
12000826622,0,20000
14000906757,0,20000
16001819831,0,20000
18002522104,0,20000
790,0,0
20002708824,0,20000
1999812885,0,3740
22002772774,0,20000
4000341070,0,7560
24003403991,0,20000
6001176377,0,11360
26004045077,0,20000
8001511131,0,15180
28004352593,0,20000
10001656401,0,19000
30004956176,0,20000
12002230773,0,20000
14002875017,0,20000
16002938572,0,20000
790,0,0
1999734724,2,3725
4000020133,0,7500
6000007501,0,11300
8000422391,0,15040
10000718458,0,18841
12001270724,0,20000
14001609425,0,20000
16002258801,0,20000
18002286039,0,20000
20003191217,0,20000
22003212139,0,20000
24003315961,0,20000
26003591106,0,20000
28003592685,0,20000
30003722166,0,20000
790,0,0
2000402258,2,3567
4001159007,1,7190
6002014051,0,10820
8003773878,0,14460
10004712611,0,18060
12005610683,0,20000
14006468096,0,20000
16007312482,0,20000
18008182526,0,20000
20009833401,0,20000
22009879982,0,20000
24010722789,0,20000
26011571516,0,20000
28012424981,0,20000
30012486169,0,20000
1184,0,0
2000905968,0,3700
4001510736,2,7445
6001578634,0,11160
8002224851,0,14900
10002972127,0,18700
12003013971,0,20000
14003474258,0,20000
16004434702,0,20000
18004668398,0,20000
20005466597,0,20000
22006326773,0,20000
24006720346,0,20000
26006766533,0,20000
28007706449,0,20000
30008477410,0,20000
1184,0,0
2000436996,0,3720
4000501342,0,7500
6001415599,1,11204
8001642979,0,14860
10002658295,0,18640
12003388990,0,20000
14004007969,0,20000
16004463124,0,20000
18004502205,0,20000
20004524707,0,20000
22004523917,0,20000
24005262902,0,20000
26005652133,0,20000
28006299140,0,20000
30006332694,0,20000
1974,0,0
2000181984,0,3580
4000662403,1,7269
6001404546,1,10980
8001985234,0,14740
10002533157,0,18440
12003161611,0,20000
14003095686,0,20000
16003456889,0,20000
18004270878,0,20000
20004778931,0,20000
22005040260,0,20000
24005578314,0,20000
26006380855,0,20000
28006393882,0,20000
30006710872,0,20000
790,0,0
2010937142,8,3506
4010881876,0,7220
6010925299,0,10840
8011032673,0,14640
10011646126,1,18440
12012224445,0,20000
14013163177,0,20000
16013588726,0,20000
18014441401,0,20000
20015084066,0,20000
22015844368,0,20000
24016322024,0,20000
26016947714,0,20000
28017344445,0,20000
30017835128,0,20000
790,0,0
1999683800,0,3760
3999925391,0,7500
6000806884,0,11240
8001787066,0,15000
10002126557,0,18740
12002875411,0,20000
14003802301,0,20000
16004317064,0,20000
18004740244,0,20000
20004969203,0,20000
22005367118,0,20000
24005771350,0,20000
26006122683,0,20000
28006171239,0,20000
30006415199,0,20000
1184,0,0
2000191852,0,3700
4000300410,0,7420
6000418442,0,11140
8000653718,1,14880
10001024789,0,18660
12001211904,0,20000
14001766143,0,20000
16002573422,0,20000
18003096475,0,20000
20003100028,0,20000
22004028102,0,20000
24004075473,0,20000
26004832222,0,20000
28005582261,0,20000
30006395460,0,20000
1184,0,0
1999561030,0,3700
4000113690,0,7420
6000386467,1,11164
8000632006,0,14940
10000766223,0,18720
12001298751,0,20000
14001467707,0,20000
16002058263,0,20000
18002137610,0,20000
20002704481,0,20000
22003132398,0,20000
24003818880,0,20000
26004634054,0,20000
28004803010,0,20000
30005840037,0,20000
1184,0,0
2000772540,0,3740
4000945049,0,7460
6001273092,0,11220
8002194060,2,14965
10002590002,0,18700
12003350699,0,20000
14003464389,0,20000
16003719402,0,20000
18004647871,0,20000
20004390489,0,20000
22004458387,0,20000
24007169974,0,20000
26007125761,0,20000
28007193660,0,20000
30007757767,0,20000
1184,0,0
2002596712,0,3600
4001791407,0,7240
6002635398,0,10880
8003487679,0,14520
10005101446,0,18160
12004984203,0,20000
14005540416,0,20000
16005575550,0,20000
18005933989,0,20000
20006620077,0,20000
22007454199,0,20000
24008269372,0,20000
26009017437,0,20000
28009810110,0,20000
30010579886,0,20000
790,0,0
2000601215,1,3611
4001440469,0,7260
6002098924,0,10919
8002930282,0,14560
10003064500,0,18240
12003485706,0,20000
14004081394,0,20000
16004669582,0,20000
18004714190,0,20000
20005610684,0,20000
22008666499,0,20000
24008811769,0,20000
26009739843,0,20000
28010678181,0,20000
30014697598,0,20000
790,0,0
2001247433,2,3785
4001314936,0,7560
6002151427,0,11340
8003143451,0,15060
10003974415,0,18840
12004454045,0,20000
14004968414,0,20000
16005013416,0,20000
18005014600,0,20000
20005955701,0,20000
22006075313,0,20000
24009680630,0,20000
26009010727,0,20000
28009832611,0,20000
30010308294,0,20000
790,0,0
2000288963,0,3740
4000885441,2,7465
6001461786,2,11267
8002195640,0,15060
10002562369,0,18800
12002933441,0,20000
14003294644,0,20000
16003968494,0,20000
18004315486,0,20000
20005263298,0,20000
22005453570,0,20000
24005932806,0,20000
26006722715,0,20000
28006815877,0,20000
30007726187,0,20000
789,0,0
2000250276,0,3600
4000985314,0,7260
6001089530,0,10900
8001706930,1,14544
10001723510,0,18120
12002353542,0,20000
14003093712,0,20000
16003835855,0,20000
18004744191,0,20000
20005501335,0,20000
22009521148,0,20000
24009305215,0,20000
26009333638,0,20000
28010058807,0,20000
30010913061,0,20000
395,0,0
1999564583,0,3740
3999623007,2,7505
6000424364,0,11280
8000442918,0,15020
10000652139,0,18680
12001558896,0,20000
14001851016,0,20000
16002200377,0,20000
18002356306,0,20000
20002571448,0,20000
22002983575,0,20000
24003715849,0,20000
26004683399,0,20000
28006323615,0,20000
30006483492,0,20000
1184,0,0
1999866967,0,3660
4000570819,0,7380
6001040185,1,11140
8001406520,0,14820
10001593635,1,18560
12002261564,0,20000
14002566316,0,20000
16003285959,0,20000
18003495180,0,20000
20003683084,0,20000
22005888592,0,20000
24005466992,0,20000
26006052811,0,20000
28006201240,0,20000
30006707714,0,20000
1184,0,0
2000028028,1,3700
4000063556,0,7420
6000368703,1,11084
8001329937,0,14780
10001944968,0,18540
12002063395,0,20000
14002661453,0,20000
16003387016,0,20000
18004178109,0,20000
20004250350,0,20000
22004204163,0,20000
24004480099,0,20000
26004761955,0,20000
28005307510,0,20000
30005728321,0,20000
789,0,0
2000160271,0,3680
4000538449,0,7440
6000565292,0,11200
8001152691,0,14900
10001297567,0,18640
12001894045,0,20000
14001923257,0,20000
16002109977,0,20000
18002235510,0,20000
20002323935,0,20000
22004025338,0,20000
24004111790,0,20000
26005103815,0,20000
28005123948,0,20000
30005708583,0,20000
395,0,0
2015500929,0,3740
4015138147,1,7460
6015541589,0,11200
8016531640,0,15000
10016913765,0,18760
12017948029,0,20000
14018429632,0,20000
16019018215,0,20000
18019096772,0,20000
20019111378,0,20000
22019144538,0,20000
24019680618,0,20000
26020498160,0,20000
28021060689,0,20000
30021090690,0,20000
1579,0,0
2000478051,1,3704
4001309015,0,7480
6002183797,0,11160
8003171084,0,14840
10003767562,0,18520
12004497863,0,20000
14004643134,0,20000
16015533299,0,20000
18017067720,0,20000
20017916053,0,20000
22018415816,0,20000
24019212041,0,20000
26019425999,0,20000
28019764306,0,20000
30019887076,0,20000
790,0,0
2000192247,0,3640
4000184352,0,7400
6000762671,0,11100
8011323214,0,14681
10012781842,0,18400
12012928692,0,20000
14013691362,0,20000
16014643122,0,20000
18015044195,0,20000
20015922925,0,20000
22016294391,0,20000
24017139566,0,20000
26017749466,0,20000
28018631748,0,20000
30019332442,0,20000
1184,0,0
2000064345,1,3684
4001026763,0,7400
6023030132,13,11127
8022987103,1,14884
10023324226,1,18591
12023642400,0,20000
14023614767,0,20000
16024223088,0,20000
18024549552,0,20000
20025534077,0,20000
22026476757,0,20000
24026483468,0,20000
26027222848,0,20000
28028004072,0,20000
30028163949,0,20000
789,0,0
2000019738,0,3720
4004384962,1,7469
6003851646,0,11220
8004402332,1,14989
10004722875,0,18780
12005595683,0,20000
14006297166,0,20000
16006907461,0,20000
18007143131,0,20000
20007238267,0,20000
22007766057,0,20000
24008079889,0,20000
26008445829,0,20000
28009296136,0,20000
30009880377,0,20000
1184,0,0
2000027633,0,3780
4000094347,0,7540
6000204484,0,11300
8001043738,0,15100
10001207957,0,18820
12001221774,0,20000
14002182218,0,20000
16002458548,0,20000
18003022261,0,20000
20003676768,0,20000
22003737956,0,20000
24004137450,0,20000
26004318249,0,20000
28004370751,0,20000
30005093157,0,20000
395,0,0
1999262199,0,3760
3999913154,1,7471
6000769382,0,11200
8001244670,1,14960
10002089055,0,18760
12002611714,0,20000
14002953573,0,20000
16003824013,0,20000
18004572867,0,20000
20005373829,0,20000
22005846749,0,20000
24006018468,0,20000
26006884960,0,20000
28007021151,0,20000
30007060232,0,20000
790,0,0
1999763936,1,3754
4000279883,2,7485
6001109268,0,11240
8001777592,0,15000
10002069317,0,18660
12002964232,0,20000
14003863489,0,20000
16004649450,0,20000
18005132633,0,20000
20005457518,0,20000
22006288087,0,20000
24006653237,0,20000
26007500781,0,20000
28008369247,0,20000
30056186180,0,20000
789,0,0
2000527395,0,3700
4001462575,0,7400
6001579818,0,11160
8001911414,0,14940
10002469995,1,18701
12003217270,0,20000
14003724533,0,20000
16004636422,0,20000
18005119605,0,20000
20006085971,0,20000
22006784296,0,20000
24007600259,0,20000
26008193974,0,20000
28008417406,0,20000
30009350217,0,20000
394,0,0
2000705825,0,3499
4001025579,0,7080
6001879438,0,10699
8003762430,0,13980
10004665634,2,17405
12005551469,0,20000
14006230452,0,20000
16007464857,0,20000
18007468805,0,20000
20008444250,0,20000
22009212842,0,20000
24009258634,0,20000
26010043411,0,20000
28010308293,0,20000
30010507251,0,20000
1184,0,0
2000283830,0,3680
4000695957,0,7380
6001235984,0,11120
8002095371,0,14741
10002226035,0,18500
12003082264,0,20000
14003923491,0,20000
16004739059,0,20000
18005062760,0,20000
20004940780,0,20000
22004994862,0,20000
24006012546,0,20000
26006752716,0,20000
28007552099,0,20000
30008341218,0,20000
790,0,0
2000425549,0,3640
4001192167,1,7404
6001596793,0,11100
8001944574,0,14840
10002150243,0,18560
12002231563,0,20000
14002612109,0,20000
16003492812,0,20000
18003620713,0,20000
20004356540,0,20000
22004808537,0,20000
24005453571,0,20000
26006310194,0,20000
28006746400,0,20000
30007090234,0,20000
395,0,0
1999750513,0,3720
4000021712,2,7467
6000877545,0,11260
8000940311,0,15040
10000967944,0,18780
12001485471,0,20000
14002055500,0,20000
16003090948,0,20000
18003168321,0,20000
20003964151,0,20000
22004493915,0,20000
24004542076,0,20000
26004653792,0,20000
28005346591,0,20000
30006089918,0,20000
1184,0,0
1999651824,1,3690
4000013817,0,7400
6000375019,0,11060
8001845885,2,14825
10002073265,0,18260
12002678427,0,20000
14003224771,0,20000
16003907306,0,20000
18004225086,0,20000
20004573656,0,20000
22005121579,0,20000
24005986492,0,20000
26006713635,0,20000
28007251689,0,20000
30007486175,0,20000
790,0,0
1999456025,0,3700
4000062372,0,7440
6000131849,1,11230
8000841227,0,15040
10001008210,0,18740
12001773249,0,20000
14003006076,0,20000
16002428941,0,20000
18003205033,0,20000
20003707559,0,20000
22004033629,0,20000
24004722085,0,20000
26005259350,0,20000
28005333564,0,20000
30006168870,0,20000
789,0,0
1999731170,0,3760
4000274356,0,7520
6000365940,0,11300
8000757144,2,15067
10001421126,0,18760
12002038920,0,20000
14004807352,0,20000
16005064734,0,20000
18005936753,0,20000
20006149132,0,20000
22006178344,0,20000
24006406908,0,20000
26007351167,0,20000
28007360642,0,20000
30007846193,0,20000
790,0,0
2000412127,0,3740
4001065055,0,7500
6001608636,0,11279
8002135242,2,14945
10002959100,0,18740
12003380306,0,20000
14003511760,0,20000
16004124028,0,20000
18004747744,0,20000
20005326458,0,20000
22005770560,0,20000
24006653632,0,20000
26006646921,0,20000
28007575785,0,20000
30008499516,0,20000
790,0,0
2000134218,0,3679
4000606742,0,7420
6001292435,1,11221
8001998656,0,14920
10002683165,0,18701
12003649925,0,20000
14004262193,0,20000
16004551550,0,20000
18005448439,0,20000
20005794246,0,20000
22006625210,0,20000
24006850221,0,20000
26007035757,0,20000
28007865931,0,20000
30008747819,0,20000
789,0,0
2000038291,2,3787
4000913468,0,7500
6001348490,0,11240
8001358754,0,15000
10002166822,0,18740
12002220904,0,20000
14002338146,0,20000
16003222797,0,20000
18003734797,0,20000
20003906517,0,20000
22003923491,0,20000
24004202584,0,20000
26004898147,0,20000
28005179608,0,20000
30006114788,0,20000
789,0,0
2000769382,0,3740
4001040185,1,7384
6001748774,2,11145
8002299460,0,14860
10002606581,2,18545
12003227929,0,20000
14003967309,0,20000
16004542865,0,20000
18004839723,0,20000
20005786350,0,20000
22006100577,0,20000
24006215846,0,20000
26007046415,0,20000
28007019177,0,20000
30007049573,0,20000
1184,0,0
2002971732,0,3720
4003160426,0,7360
6004397595,1,11104
8017711964,6,14730
10017855261,0,18340
12018236202,0,20000
14018851233,0,20000
16019316257,0,20000
18019834968,0,20000
20019864575,0,20000
22019870891,0,20000
24020019714,0,20000
26020530135,0,20000
28021017266,0,20000
30021715986,0,20000
789,0,0
2000164614,0,3720
4000984524,0,7460
6001089924,0,11220
8001502840,0,15000
10001628373,0,18680
12002479075,0,20000
14004400753,0,20000
16005323695,0,20000
18006286113,0,20000
20006505598,0,20000
22006652053,0,20000
24007290770,0,20000
26007755004,0,20000
28008603732,0,20000
30015102224,0,20000
790,0,0
2000177641,0,3680
4000639112,0,7460
6001522973,0,11180
8002453021,0,14960
10003370042,0,18680
12004076657,0,20000
14004190347,0,20000
16005127106,0,20000
18005685688,0,20000
20006704556,0,20000
22007006545,0,20000
24007579338,0,20000
26008359378,0,20000
28008674394,0,20000
30009169025,0,20000
790,0,0
2000080531,0,3700
4000289752,0,7480
6000977814,0,11199
8001784302,1,14920
10002617240,0,18700
12002917650,0,20000
14003665320,0,20000
16003933755,0,20000
18004918279,0,20000
20005121579,0,20000
22005461860,0,20000
24006318878,0,20000
26010032358,0,20000
28009770240,0,20000
30010355270,0,20000
790,0,0
1999540108,0,3620
3999911969,0,7380
6000142902,0,11160
8000397915,2,14945
10000890178,0,18740
12001310989,0,20000
14001997866,0,20000
16002691454,0,20000
18003323855,0,20000
20003332145,0,20000
22003337277,0,20000
24003695322,0,20000
26004654582,0,20000
28004923806,0,20000
30005842406,0,20000
790,0,0
2000438180,0,3720
4000968339,0,7480
6001686008,1,11249
8002674480,0,14920
10003538603,2,18705
12004493521,0,20000
14005117237,0,20000
16005588972,0,20000
18006580602,0,20000
20007074838,0,20000
22007421434,0,20000
24007698159,0,20000
26008207001,0,20000
28009187973,0,20000
30009527069,0,20000
790,0,0
2000620953,2,3647
4001085977,1,7384
6001473234,0,11100
8002169586,0,14840
10002308935,0,18540
12002749089,0,20000
14002956337,0,20000
16003918755,0,20000
18004310748,0,20000
20004671162,0,20000
22005363960,0,20000
24005671871,0,20000
26006359538,0,20000
28007071680,0,20000
30007528414,0,20000
6316,0,0
2003722166,0,3420
4013486883,1,7044
6014402720,0,10700
6316,0,0
2001140849,0,3480
6711,0,0
2001515474,0,3580
5922,0,0
2000389231,294,345
4000787541,672,1015
6000922548,1068,1896
8003895466,1468,3152
10004121661,1854,4582
12004815645,2128,6261
14007728559,2104,11676
16008443859,0,20000
18008452544,0,20000
20008465966,0,20000
22008824405,0,20000
24009333642,0,20000
26009359301,0,20000
28009391277,0,20000
30009615104,0,20000
5526,0,0
2000141718,0,0
5526,0,0
2000108953,0,0
5527,0,0
2000438970,0,0
5131,0,0
2000070266,0,0
4737,0,0
2007007337,0,0
5922,0,0
2000048556,0,0
4000136192,0,0
6000186326,0,0
8000225012,0,0
10000610690,0,0
5921,0,0
2000236064,0,0
4000352518,0,0
6000686088,0,0
8001016500,0,0
10001232037,0,0
8290,0,0
1999986973,0,0
5921,0,0
2000705036,0,0
4000734643,0,0
6001540738,0,0
8001856149,0,0
10002442363,0,0
1579,0,0
2000075793,0,0
4000117637,0,0
6000129085,0,0
8000396336,0,0
10000443312,0,0
1185,0,0
1999924602,0,0
3999954209,0,0
6000275541,0,0
8000738986,0,0
10000989657,0,0
5922,0,0
2026257677,0,0
5527,0,0
2000156719,0,0
4000202905,0,0
6000252250,0,0
8000318174,0,0
10000487131,0,0
790,0,0
2000082110,0,0
4000295673,0,0
6000345808,0,0
8001267566,0,0
10001616137,0,0
6317,0,0
2000405811,0,1097
4000437786,0,2256
6000465419,0,3422
8002503157,0,4589
10003017920,0,5748
12003103582,0,6000
14003105556,0,6000
16003564264,0,6000
18003672822,0,6000
20003724930,0,6000
22004216009,0,6000
24005174874,0,6000
26006066236,0,6000
28006416386,0,6000
30006925623,0,6000
6317,0,0
5527,0,0
2002747906,0,1109
4003479391,1,2268
6003688613,0,3431
8003741115,0,4591
10003950731,0,5754
12003996128,0,6000
14003963364,0,6000
16005142109,0,6000
18005732271,0,6000
20005747667,0,6000
22006249403,0,6000
6316,0,0
2000261724,0,1080
4000658061,0,2234
6006428623,1,3387
8007021548,1,4541
10007075630,0,5592
12007561182,0,6000
14007816590,0,6000
16007887251,0,6000
18008572155,0,6000
20008997309,0,6000
22008962965,0,6000
24008992572,0,6000
26009746163,0,6000
28010277507,0,6000
30010577522,0,6000
4342,0,0
2030186302,0,12
6710,0,0
2000303173,0,1087
4000638717,0,2237
5921,0,0
1999962893,0,12
5922,0,0
2000580688,1,1095
4001361124,0,2250
6001399810,0,3408
8001414416,0,4572
10001890493,0,5730
12002091819,0,6000
14002185377,0,6000
16002312489,0,6000
18002495261,0,6000
20002731326,0,6000
22003000551,0,6000
24003024236,0,6000
29212,0,0
2000257382,60,934
4001227695,0,2246
6001328358,0,3386
8001361518,0,4536
10001449549,0,5677
12001749170,0,6000
14002030632,0,6000
16002574607,0,6000
18002860017,0,6000
20002892387,0,6000
22003358595,0,6000
6316,0,0
2005763062,0,12
5527,0,0
2008008442,0,12
7895,0,0
2000602005,68,914
4000740170,0,2255
6009178502,0,3409
8009047048,0,4572
10009527468,1,5722
12009575233,0,6000
14009623394,0,6000
16009688529,0,6000
18009979465,0,6000
20010023283,0,6000
22010049337,0,6000
24010384881,0,6000
26011409276,0,6000
5526,0,0
2025503295,0,12
5922,0,0
2000482789,69,919
4001186246,0,2268
6001355992,0,3414
8001695483,0,4577
10001678509,1,5730
12001707721,0,6000
14001728248,0,6000
16002180640,0,6000
6316,0,0
2000223432,110,740
4000520684,0,2209
6001500867,0,3366
8001852201,0,4523
10002151032,1,5679
12002210640,0,6000
14002204719,0,6000
16002271038,0,6000
18002291566,0,6000
20002375649,0,6000
22002563948,0,6000
5922,0,0
2010095129,0,12
6317,0,0
2000605953,102,783
4000624506,1,2223
6001108479,1,3381
8001727064,0,4536
10002021158,1,5685
12002126953,0,6000
14002426179,0,6000
16002451443,0,6000
18002926731,0,6000
20003739142,0,6000
22003848095,0,6000
24003908887,0,6000
26003988233,0,6000
28004482470,0,6000
30004551552,0,6000
1184,0,0
2000410942,0,1151
9869,0,0
2001361913,68,928
4001531659,0,2268
6001798909,0,3420
8002245775,20,4474
10002461312,0,5682
12002522105,0,6000
14002691061,0,6000
16002971338,0,6000
18003455311,0,6000
20003522025,0,6000
22003602950,0,6000
24003649137,0,6000
26004045868,0,6000
28004086133,0,6000
5922,0,0
2000135402,92,810
4000354887,44,2094
7106,0,0
2000888599,128,704
4001177561,185,1622
5921,0,0
2000408574,84,1003
6711,0,0
2000598452,97,963
4001119137,1,2621
6001882992,0,3962
8001944180,0,5311
10002010894,0,6650
12002053922,0,7000
14002107215,0,7000
16002488945,0,7000
18002610925,0,7000
5921,0,0
2000140534,83,1011
4000226986,1,2621
6000222643,0,3962
8000528975,0,5304
10000706616,1,6646
12001138480,0,7000
14001164139,0,7000
16001571529,0,7000
5527,0,0
2000699116,80,1018
4000792673,1,2621
6000974656,1,3972
8001183088,0,5328
10001651270,1,6674
12001742064,0,7000
14002184193,0,7000
16002286435,0,7000
6316,0,0
2000108953,58,1111
4000110137,0,2644
6000230143,0,3997
8000611084,1,5351
10000953733,0,6704
12001299936,0,7000
14001329937,0,7000
16001822199,0,7000
18002147479,0,7000
20002477891,0,7000
22002641321,0,7000
5132,0,0
2000649375,57,1101
4001107689,1,2635
6001217036,0,3983
8001601135,0,5342
10001752327,0,6692
12002119057,0,7000
14002373675,0,7000
6316,0,0
2022964217,80,1014
4023550037,0,2632
6023695702,0,3983
8024229809,0,5342
10024540088,0,6699
12024603644,0,7000
14024645093,0,7000
6711,0,0
2000193826,107,914
4000472920,57,2394
6000797410,0,3941
8001003079,0,5257
10001139665,0,6606
12001260460,0,7000
14001496131,0,7000
16001968260,0,7000
6316,0,0
2000611084,103,907
4000893730,54,2413
6001825358,1,3923
8001624821,1,5274
10002106030,1,6625
5526,0,0
2000702273,105,933
4000986498,62,2413
6001453101,0,3948
8001555344,0,5293
10065913417,1,6564
12065952103,0,7000
14066233170,0,7000
6316,0,0
2004557078,81,1021
4004575632,0,2627
6004730377,1,3979
8004803407,0,5335
10004976705,0,6686
12005775299,0,7000
14006098211,0,7000
16006505205,0,7000
18006969045,0,7000
20007014048,0,7000
22007466045,0,7000
24007484203,0,7000
26008515704,0,7000
28008819273,0,7000
30008867828,0,7000
6710,0,0
2000283435,70,966
4000356071,0,2527
6000947417,0,3880
8001271908,1,5237
10001390730,0,6587
12001457444,0,7000
14001959970,0,7000
16002163664,0,7000
18002291171,0,7000
20002403282,0,7000
22003255168,0,7000
24003318724,0,7000
26003377148,0,7000
28003713482,0,7000
30003792433,0,7000
5921,0,0
2000087636,103,941
5527,0,0
2000055266,41,1125
4000653718,0,2591
6001104137,0,3941
8001353623,0,5292
10001542317,0,6641
12001722721,0,7000
14001759828,0,7000
16001803646,0,7000
18002235116,0,7000
20002574607,0,7000
22002697772,0,7000
24002805935,0,7000
26002865938,0,7000
28002936995,0,7000
30003758879,0,7000
7106,0,0
2000170930,69,1073
4000541607,0,2639
6000997552,0,3990
8001327174,0,5342
10002276960,0,6692
12002517762,0,7000
14002752248,0,7000
16003222404,0,7000
18003272144,0,7000
20003325436,0,7000
22003749010,0,7000
24003807434,0,7000
5922,0,0
2002029053,77,1012
5921,0,0
2000180009,87,1015
4000435023,0,2625
6000483578,0,3974
8000877151,0,5327
10000889388,0,6676
6711,0,0
2000742933,162,663
4001154665,39,2479
6001584161,0,3946
8001667455,0,5299
10002428942,0,6650
12002506314,0,7000
14002572239,0,7000
16002672507,0,7000
18002725010,0,7000
20002908966,0,7000
22002961864,0,7000
5922,0,0
2000078162,101,951
11053,0,0
7106,0,0
2001556923,70,1027
15790,0,0
2000320938,115,898
4000596873,106,2236
6001070582,41,3748
8001390730,0,5236
10006581394,7,6550
12006562840,0,7000
14006927596,0,7000
5527,0,0
5527,0,0
2000383704,173,1091
4001161376,224,3212
6001592846,174,5748
8002128926,127,8294
10002394993,50,10979
6711,0,0
2000516342,57,1096
4000429890,1,2628
6000619374,0,3983
8001072950,0,5335
10004915912,4,6646
12005038287,0,7000
14005830960,0,7000
16006310985,0,7000
18006380462,0,7000
20006461782,0,7000
22006864434,0,7000
5527,0,0
2000741355,72,1054
7106,0,0
2000248303,91,988
6711,0,0
2000350150,83,1006
4000543976,0,2601
5132,0,0
2000144876,71,1051
4000164614,0,2609
6000227775,0,3955
8000532922,0,5313
10000970708,0,6655
12001410073,0,7000
14001776013,0,7000
6316,0,0
2000425943,56,1099
4001187035,1,2621
6001233617,0,3971
8001462576,1,5323
10001584556,0,6673
12001725484,0,7000
14001825753,0,7000
16001880229,0,7000
18001919705,0,7000
20002126163,0,7000
13816,0,0
2000356860,56,1117
4000696352,1,2635
153165,0,0
2001942995,37,1164
4001952864,0,2619
6316,0,0
2000170930,97,983
4000421996,0,2639
6000489894,0,3983
8001380861,0,5336
10002599872,1,6688
12002401309,0,7000
14002567502,0,7000
5526,0,0
2000925311,78,1027
4001070976,0,2611
6001676534,0,3955
6316,0,0
2000556607,58,1098
4000902809,0,2626
6000915836,0,3967
8001083608,0,5314
5922,0,0
2000505290,123,826
4000782804,65,2409
6000924917,0,3955
8001368624,0,5307
6711,0,0
6711,0,0
2000237249,89,1017
4000254619,0,2632
6000577530,0,3981
8684,0,0
6316,0,0
6316,0,0
2000314227,107,889
35133,0,0
4737,0,0
2000558581,168,1104
4001881413,178,3372
5132,0,0
2002882518,177,1111
4003213324,235,3173
6003399650,230,5529
8005801353,176,8031
10006038208,98,10752
5132,0,0
2000083294,188,979
4000603584,286,2810
6002320779,322,4825
8002635795,323,7185
10002913704,285,9695
12003431231,0,12000
14003642821,0,12000
16003872175,0,12000
18004033631,0,12000
6316,0,0
2000555424,192,891
4001286909,330,2523
6001567187,385,4463
8001848254,437,6498
10002406836,473,8561
12002561186,339,10525
14002951206,0,12000
16003263854,0,12000
18003237405,0,12000
20003275302,0,12000
5526,0,0
2000239223,177,1043
4000708589,230,3129
6000982156,195,5658
8001281382,202,7858
10002045632,123,10578
12002072476,0,12000
14002090634,0,12000
16002631847,0,12000
18002699350,0,12000
6316,0,0
2000084083,193,986
4000105005,284,2826
6316,0,0
2002307751,177,470
4002310120,350,1953
5527,0,0
2000911495,207,710
4000937154,330,2475
6001216247,379,4485
8001493762,425,6432
10001813120,457,8576
12002429731,292,10877
14002506314,0,12000
16002747511,0,12000
6316,0,0
2000769777,182,1057
4000775304,264,2968
6001304278,295,5111
8001375730,309,7281
10001564029,329,9478
12002357491,169,11490
14002570265,0,12000
16003538605,0,12000
18004035604,0,12000
20004200218,0,12000
22004529840,0,12000
24004790775,0,12000
26004820777,0,12000
5132,0,0
2000658850,187,1019
4001431785,303,2700
6001498104,357,4703
8001797330,395,6773
10001948522,447,8732
12002895150,312,10730
14003835068,0,12000
16004180085,0,12000
18004884333,0,12000
20005379753,0,12000
22005526603,0,12000
24005820697,0,12000
26006294800,0,12000
28006820617,0,12000
30006855356,0,12000
5922,0,0
2000372256,189,997
4000715695,289,2906
6001497709,323,4929
8001903520,347,7065
10002256828,365,9304
12002318015,139,11674
14002327884,0,12000
16002366965,0,12000
18002420652,0,12000
6710,0,0
2000101057,185,833
4000439364,353,2513
5922,0,0
2000478841,177,1057
4008785719,279,3065
6010372249,323,5312
8010526599,335,7675
10010757137,353,10076
12011145578,74,12853
14012004570,0,13000
5526,0,0
2000336728,193,897
4000671087,333,2636
5527,0,0
2003866648,191,1030
5527,0,0
5132,0,0
2000026844,207,675
5132,0,0
2000599636,185,1044
4001179929,310,2914
6001456260,356,5147
8001855359,377,7435
10002089055,393,9884
12003008050,142,12685
7501,0,0
2000142902,190,1039
5922,0,0
2000402653,189,1026
4000672667,325,2811
6001448760,377,4969
8002538290,410,7305
10003060554,436,9583
12003352279,258,12030
14003385834,0,13000
16004041526,0,13000
18004965653,0,13000
20005003944,0,13000
22005235272,0,13000
24005405807,0,13000
26005624897,0,13000
28005761088,0,13000
30006307827,0,13000
5922,0,0
2002937390,195,983
4003534263,331,2768
6316,0,0
2000097899,181,1147
4001408888,274,3171
6001472444,318,5329
8001637848,354,7589
10001730221,376,9996
12002368149,104,12782
14002431310,0,13000
16002672112,0,13000
18002984365,0,13000
20003076343,0,13000
22003231483,0,13000
24003214114,0,13000
26003571764,0,13000
28004076658,0,13000
30004345093,0,13000
6316,0,0
2000107374,186,1048
4000386862,313,2723
6000810831,404,4755
8001791014,445,7024
10002168007,479,9290
12002498419,296,11823
14002924362,0,13000
16003268590,0,13000
18003303329,0,13000
20003332146,0,13000
22003677559,0,13000
24003836646,0,13000
26003875727,0,13000
28003874148,0,13000
30004125214,0,13000
5527,0,0
2000761882,190,1004
4001345728,317,2906
6001878650,352,5152
8002535526,381,7398
10002841068,417,9680
12008403594,236,12212
14008377145,0,13000
16008557549,0,13000
18008593077,0,13000
5921,0,0
2000179220,191,968
4000437786,331,2719
5921,0,0
2002289987,188,1038
4004867357,325,2792
6005018944,373,5008
8005550682,417,7233
10006025181,437,9632
12007679608,233,12221
14007472361,0,13000
5132,0,0
2008870591,139,1046
4029893392,266,2541
6030851073,370,4417
8037647610,464,6345
10048897798,555,8252
12060147197,621,10442
14079427539,688,12402
16082642048,764,14399
6316,0,0
2011659960,154,959
4027202363,269,2766
6043780216,368,4622
8061868807,447,6589
10073459290,540,8304
12090242022,633,10024
14105190709,769,11679
16119893068,793,13887
18135644692,791,14243
20152293207,761,15519
22168169180,620,18217
24175851956,502,20165
26229746261,366,21672
6711,0,0
2003296228,148,1063
4022872266,272,2058
6034181681,419,3255
8049706715,530,5564
10065181220,634,7668
12080635592,698,10353
14096192206,732,12857
16111748821,739,15140
18127220562,609,17479
20142700988,464,19983
22160188363,134,22697
24173620391,0,23000
26189095291,0,23000
28204600981,0,23000
30220040352,0,23000
32235533806,0,23000
34251029233,0,23000
36266510843,0,23000
38281954557,0,23000
6316,0,0
2000791884,153,1123
4016277837,240,3246
6031906692,311,5370
8047360275,364,7895
10062739248,414,10456
12078232306,448,12909
14078540612,498,15297
16099507777,500,17936
18110883906,457,18820
20126249853,324,21015
22141796203,54,22892
24157232022,0,23000
26172676920,0,23000
28188216559,0,23000
30203670537,0,23000
32219162016,0,23000
34234670075,0,23000
36250123263,0,23000
38265608821,0,23000
789,0,0
2010981372,30,2622
4026481536,41,5452
6041963541,54,8260
8057436861,72,11081
10073070848,82,13944
12088439953,87,16830
14103902615,98,19697
16119383830,67,22562
18134885179,0,23000
20150419686,0,23000
22165863005,0,23000
24181467385,0,23000
26196855833,0,23000
28212353234,0,23000
790,0,0
2003457289,23,2684
4019004034,43,5416
6034492750,55,8297
8050092788,52,11250
10065448076,55,14241
12081351682,57,17151
14096630782,57,20134
16111928040,0,23000
18127393071,0,23000
20142945343,0,23000
22158560382,0,23000
24173873430,0,23000
26189353067,0,23000
28204774280,0,23000
789,0,0
2013798758,10,2862
4029364057,22,5664
6044683817,43,8469
8060255432,110,10561
10075743358,192,12719
12091276682,229,15318
14106619733,266,17948
16123617608,275,20343
18137627166,0,23000
20153174306,0,23000
22168586834,0,23000
24184043970,0,23000
26199719801,0,23000
28215096406,0,23000
789,0,0
2011104931,79,1758
4026581804,154,4316
6042171973,159,7196
8057660689,164,10053
10073002555,163,13079
12088595487,189,15713
14104145785,207,18471
16119413832,200,21057
18134969262,0,23000
20150483243,0,23000
22172181893,0,23000
24182891672,0,23000
26196910310,0,23000
28212740096,0,23000
1184,0,0
2002039714,57,2352
4017937399,76,5144
6033166759,102,7705
8048518494,138,10328
10064335254,177,12927
12079556719,209,15491
14095202943,254,17874
16111441699,257,20595
18126505656,0,23000
20141505267,0,23000
22156952928,0,23000
24172361114,0,23000
26187935492,0,23000
28203445525,0,23000
789,0,0
2002828834,14,2770
4018309260,39,5508
6034082202,57,8264
8049255112,77,10977
10064876466,92,13828
12080244387,97,16712
14095878768,106,19671
16111247083,59,22630
18126731852,0,23000
20142158986,0,23000
22157680466,0,23000
24173138391,0,23000
26188657109,0,23000
28204122534,0,23000
789,0,0
2001207564,13,2795
4017604617,30,5608
6040453592,62,8216
8047645684,111,10656
10064503815,148,13295
12078717858,181,15895
14094104332,226,18326
16109660157,209,21115
18125339146,0,23000
20140667195,0,23000
22156076565,0,23000
24171540806,0,23000
5921,0,0
2006279412,141,1108
4021944190,252,3053
6040775715,312,5466
8052740428,367,7946
10068359809,407,10337
12084004849,450,12871
14099105518,482,15522
16114641210,482,18278
18130102688,286,21158
20145687330,0,23000
22161088016,0,23000
24176594496,0,23000
26192074132,0,23000
28207561664,0,23000
790,0,0
2025409374,178,536
4031997487,400,1179
6045896118,600,2114
8060512814,725,4149
10069348283,886,6694
12074017478,1014,9137
14081155093,1163,11789
16088789709,959,14889
18094731603,765,18142
20098688654,394,21445
22105109390,0,23000
24105127943,0,23000
26105144523,0,23000
28105733502,0,23000
30106489068,0,23000
32106516306,0,23000
34106844745,0,23000
36107558467,0,23000
38107930329,0,23000
1184,0,0
2000866493,170,1947
4001720354,351,3676
6011534427,534,5354
8017854499,730,6388
10042157367,917,7149
12077186592,1044,8057
14080454397,1101,9069
16081479583,975,10586
18082526086,931,11810
20086634725,971,13319
22118884856,932,14975
24121425912,832,15582
26122286484,797,16264
28132538343,791,16878
30143533137,788,17650
32146256966,803,19312
34146473293,400,22200
36147412422,0,23000
38148368130,0,23000
40148925133,0,23000
42157912978,0,23000
44158553670,0,23000
46159306868,0,23000
48160120464,0,23000
50190555893,0,23000
1185,0,0
2000254619,207,1421
4001166115,362,3520
6002018002,542,5505
8002874627,717,7442
10003727698,888,9202
12004583533,986,11037
14005442921,945,12429
16008212146,869,13903
18010176461,861,15288
20011079667,735,17307
22011938660,674,18796
24011979320,453,21254
26021954849,203,22640
28022271050,0,23000
30022432506,0,23000
32022734495,0,23000
34022999773,0,23000
36023113068,0,23000
38023499931,0,23000
40023796789,0,23000
1184,0,0
2000498184,148,2384
4001087163,306,4640
6002089058,450,7025
8002796069,616,9222
10003668879,758,11762
12004301675,822,13951
14004968027,700,16618
16008278070,561,19130
18009135484,513,20054
20009713410,244,22278
22010162249,0,23000
24010187514,0,23000
26011116774,0,23000
28011256913,0,23000
30011420342,0,23000
32011666671,0,23000
34012561192,0,23000
36012555666,0,23000
38013422554,0,23000
40013726912,0,23000
1184,0,0
2000107768,171,2064
4000965182,338,4278
6001443234,504,6104
8002269462,675,8086
10003118981,838,10422
12003245698,900,12826
14004193906,802,15305
16005185143,668,18487
18005514371,327,21840
20006022029,0,23000
22006025188,0,23000
24006930762,0,23000
26006986423,0,23000
28007042084,0,23000
30007981212,0,23000
1184,0,0
2004402339,152,2082
4004740646,341,3697
6005609113,529,5383
8006453500,735,6869
10007301440,930,8668
12028404006,1010,10468
14029641572,1010,11705
16029940798,931,12980
18030081727,872,15580
20030391217,746,18100
22031248631,499,21114
24031642599,0,23000
26032301844,0,23000
28032348031,0,23000
30033023067,0,23000
32033768370,0,23000
34034020225,0,23000
36034526304,0,23000
38034881192,0,23000
40034904877,0,23000
790,0,0
2000932813,164,1939
4001780358,347,4306
6002640930,486,6588
8003012397,631,9109
10003870206,786,11503
12006735358,845,13825
14007581323,736,16235
16008432026,565,19052
18008506636,276,22124
20009360892,0,23000
22009861839,0,23000
24010682541,0,23000
26011298363,0,23000
28011300336,0,23000
30011331522,0,23000
790,0,0
2000498580,141,2448
4001360336,288,4812
6002098928,440,7168
8002541056,595,9464
10003394128,741,11844
12004256279,814,14201
14005181591,694,16755
16006097824,538,19484
18006956027,163,22672
20007520531,0,23000
22007990687,0,23000
24008250833,0,23000
26009255491,0,23000
28009690514,0,23000
30010050139,0,23000
790,0,0
1999668009,138,2452
4000504500,315,4495
6001366257,477,6628
8002204722,633,8990
10003184511,786,11343
12003428866,847,13644
14004179695,745,16147
16006494160,577,19179
18006879049,227,22427
20007089455,0,23000
22007171565,0,23000
24007516188,0,23000
26008135958,0,23000
28009121273,0,23000
30010098299,0,23000
1185,0,0
2000026449,180,1868
4000879915,344,4342
6001740093,483,6919
8002608955,614,9377
10003467158,754,11801
12004310755,826,13793
14005160669,711,16181
16006010582,567,18903
18006892471,287,22033
20007389471,0,23000
22007449474,0,23000
24007522505,0,23000
26007578165,0,23000
28007538690,0,23000
30007608956,0,23000
1184,0,0
1999862229,171,1867
4002747514,361,3605
6003550056,554,5222
8004277595,734,7096
10005128693,913,9068
12005988870,1001,11212
14006834836,899,13395
16007691855,872,15657
18008551637,740,17623
20009407472,668,19314
22010259359,363,21823
24010298441,0,23000
26010342653,0,23000
28011162960,0,23000
30011394288,0,23000
32011466134,0,23000
34012400131,0,23000
36013000557,0,23000
38014037191,0,23000
40014042323,0,23000
790,0,0
2000583452,159,2186
4002523687,308,4555
6002796859,459,6945
8005242383,606,9236
10005445289,765,11620
12005498976,822,14081
14006348889,700,16815
16007204330,540,19641
18008063717,244,22288
20008795993,0,23000
22009608404,0,23000
24009684987,0,23000
26009908815,0,23000
28010199357,0,23000
30010204489,0,23000
1184,0,0
2000097110,156,2298
4001018475,296,4852
6002060636,433,7403
8002522897,577,9978
10003435182,706,12487
12003961789,755,15069
14004508134,625,17936
16004921445,455,20511
18005572401,0,23000
20005738199,0,23000
22006327178,0,23000
24007262359,0,23000
26007408024,0,23000
28007427368,0,23000
30007476318,0,23000
1184,0,0
1999683010,150,2241
4000545161,314,4593
6001393495,457,6864
8002251304,622,9085
10003104770,782,11424
12003960605,839,13719
14004827888,733,16374
16005666748,563,19342
18006524162,191,22579
20006578244,0,23000
22006597587,0,23000
24006625615,0,23000
26007513425,0,23000
28008439132,0,23000
30009115352,0,23000
790,0,0
2000146455,155,2285
4001026765,306,4504
6001296385,462,6945
8002151825,617,9237
10003007660,758,11738
12003865863,816,14042
14004720514,708,16418
16005579507,541,19429
18006970238,176,22609
20007182618,0,23000
22008128457,0,23000
24008645985,0,23000
26008885208,0,23000
28009006004,0,23000
30009835390,0,23000
1184,0,0
2000544766,189,1478
4000978605,383,3100
6001312175,577,5353
8004070347,741,7441
10004007976,899,9932
12004948289,996,12177
14005715303,835,14787
16006571138,736,17661
18007431710,552,20335
20008285176,0,23000
22008851654,0,23000
24009671171,0,23000
26010151196,0,23000
28011107299,0,23000
30011930764,0,23000
1184,0,0
2000408969,143,2417
4001259277,288,4855
6001953261,441,7193
8002816991,587,9543
10003680721,746,11830
12003915997,807,14246
14004785648,709,16453
16005631614,549,19206
18005876759,193,22567
20006190196,0,23000
22006182696,0,23000
24006483896,0,23000
26006483107,0,23000
28006515477,0,23000
30006845100,0,23000
1185,0,0
2000604375,174,1990
4001462183,329,4204
6002430919,496,6580
8003299781,637,8897
10004166669,788,11323
12005029609,867,13597
14005880707,742,16016
16006746806,587,18827
18007629089,270,22155
20007822520,0,23000
22008051085,0,23000
24008075165,0,23000
26008459660,0,23000
28008792046,0,23000
30009419316,0,23000
1184,0,0
2000065135,162,2117
4000277910,312,4609
6001133350,454,7048
8001983658,600,9432
10002905812,756,11834
12003737567,816,14233
14004578796,686,16920
16004668406,521,19764
18005515950,75,22905
20005575954,0,23000
22005918603,0,23000
24006762596,0,23000
26007213014,0,23000
28008154117,0,23000
30008189645,0,23000
1184,0,0
2000745303,209,998
4001594821,409,2982
6002468420,603,5271
8003319123,755,7860
10004148509,903,10134
12005008687,938,12498
14005950973,834,15118
16006887339,674,18092
18007756595,493,20965
20008212146,0,23000
22008280834,0,23000
24008799151,0,23000
26009456028,0,23000
28010105404,0,23000
30011003873,0,23000
789,0,0
1999900521,151,2306
4000615032,309,4623
6001558898,451,7056
8001411259,607,9506
10002250119,755,11959
12003109112,799,14464
14003959420,682,16994
16004862231,517,19744
18005717276,29,22971
20006575875,0,23000
22006601534,0,23000
24006579033,0,23000
26006944973,0,23000
28007071296,0,23000
30007207487,0,23000
1185,0,0
2000450024,145,2374
4001020844,292,4848
6001881416,436,7304
8002746725,585,9620
10003596638,741,11958
12004442999,797,14317
14005294492,677,16963
16005459895,516,19936
18006231647,0,23000
20006611009,0,23000
22006894445,0,23000
24007830810,0,23000
26008274123,0,23000
28009099957,0,23000
30009105878,0,23000
1184,0,0
2000178825,154,2184
4000735829,318,4452
6001592453,477,6773
8002446314,633,8996
10003307676,772,11149
12005327256,855,13436
14006012951,746,16087
16006827336,595,18846
18007741990,255,22303
20008529137,0,23000
22009379445,0,23000
24010249096,0,23000
26010632406,0,23000
28010680172,0,23000
30011154276,0,23000
789,0,0
2001492579,183,1730
4001811543,351,4122
6002647640,503,6609
8003357809,636,9099
10005891365,790,11438
12006146378,852,13820
14007001029,717,16618
16007687513,552,19509
18008541374,179,22632
20009128773,0,23000
22009165091,0,23000
24009555901,0,23000
26009596561,0,23000
28009709067,0,23000
30010221858,0,23000
5922,0,0
2004910785,180,460
4005553845,388,1213
6006001105,590,2672
8007848571,803,4137
10008356624,1039,5860
12011699432,1150,7192
14026660745,1199,8804
16027644481,1104,10433
18028508606,1116,12273
20029527081,1068,13936
22029867756,958,15820
24030725170,869,17321
26031374151,756,19147
28031929970,480,21421
30032285647,0,23000
32032906995,0,23000
34033586373,0,23000
36033574136,0,23000
38034193116,0,23000
40035171325,0,23000
7500,0,0
2000509237,196,750
4001428233,414,2148
6002293936,606,3780
789,0,0
8003174246,806,5440
2001220196,193,1215
10004106269,1007,6632
4008194378,398,2597
12014210879,1154,7914
6012587636,584,3179
14015669114,1155,8442
8012874230,863,4504
16020675825,1164,9860
10015275541,991,5806
18021635875,1019,11297
12016369414,1129,7161
20022325122,1017,12709
14016506395,1140,8251
22023294647,1029,13814
16018405968,1113,9821
24026659166,958,15365
18022755408,1034,11143
26028946786,847,16419
20023584004,1038,12297
28029283909,807,17329
22023701247,1046,13584
30029391284,783,18486
24024547213,967,14934
32030242381,595,20603
26025398310,956,16210
34031205590,194,22743
28026223354,873,17610
36031941418,0,23000
30026699431,827,19795
38032358677,0,23000
32027510658,422,21891
40033220038,0,23000
34028235038,0,23000
42034202195,0,23000
36029077056,0,23000
44035092768,0,23000
38029511290,0,23000
46035619769,0,23000
40030011448,0,23000
48035651350,0,23000
42030068688,0,23000
50035995184,0,23000
44030787541,0,23000
46031378099,0,23000
48032016816,0,23000
6711,0,0
2000913075,212,928
4001846676,418,2604
6002708037,611,4277
8003854414,806,6015
10003636113,994,7911
12004487210,1086,9894
14005339887,1015,11869
16006217433,953,13766
18007069714,915,15800
20007902258,786,17495
22008687036,712,19260
24009546818,332,22136
26009578794,0,23000
28010218301,0,23000
30010281068,0,23000
32010322912,0,23000
34010765435,0,23000
36011329939,0,23000
38011992737,0,23000
40012020370,0,23000
6711,0,0
2001271119,218,964
4002601058,418,2722
6003043976,604,4602
8003903363,799,6531
10004463919,965,8672
5921,0,0
2001028738,207,971
4001868387,409,2801
6002372493,597,4775
8003311621,779,6760
10004071530,955,8604
12004681825,1031,10803
14007182220,948,12689
16007062608,887,15088
18007924364,744,17483
20008769540,662,19514
22009014685,275,22391
24009089688,0,23000
26009665245,0,23000
28010474498,0,23000
30011132164,0,23000
32011151508,0,23000
34011367440,0,23000
36012358282,0,23000
38012701721,0,23000
40012772777,0,23000
789,0,0
2000001184,171,2014
4000479235,332,4244
6000543186,498,6459
6711,0,0
2000793068,213,891
4001657982,421,2625
6002497632,616,4448
8003349124,800,6473
10004201011,973,8579
12004435892,1050,10641
14005374625,953,12771
16005687273,900,15113
18019511685,768,17369
5132,0,0
2000803332,210,1065
4001646929,410,2895
6002502369,598,4840
8005755172,780,6901
10006092689,946,9004
12006129007,1020,11232
5527,0,0
2001184273,209,811
4737,0,0
2000416864,210,1004
4001269540,412,2744
6001450734,607,4703
8009114953,792,6761
10009149692,963,8900
12009914337,1037,11028
14010352913,926,13184
16011181114,871,15612
5527,0,0
2000311464,208,957
5132,0,0
2001072161,209,1045
4001993920,408,2728
6002840676,603,4673
6316,0,0
5921,0,0
2000467788,213,1081
5527,0,0
2001004658,216,947
4001804437,417,2542
5921,0,0
5922,0,0
5921,0,0
2000084873,213,850
4000932022,419,2523
6001856545,622,4396
8002535528,802,6442
10003508605,988,8583
12007977262,1072,9938
12238,0,0
2000882284,210,1000
4001332702,411,2718
6002171562,609,4711
5526,0,0
2000255013,211,1037
4001108084,411,2850
6001988788,600,4924
6711,0,0
2000500553,212,1044
4001357572,408,2804
5526,0,0
2000627664,213,1031
4001474419,411,2826
6002058266,599,4769
8002156560,774,6792
10002964629,954,8886
12003442681,1035,10927
14004197457,944,12836
16005068687,877,15232
18005432654,724,17847
20005536475,593,20316
22005935180,4,22996
24006570740,0,23000
26006556924,0,23000
28006686404,0,23000
30007160903,0,23000
32007150244,0,23000
34007980420,0,23000
36008854808,0,23000
38009154823,0,23000
40009278383,0,23000
789,0,0
2001721538,174,1905
4001731012,340,4188
6002590399,496,6439
8003355439,650,8746
10004561424,805,11059
12005304358,868,13342
14005567266,760,15777
16005915442,633,18420
18006402968,480,20817
20006442839,0,23000
22010690036,0,23000
24011321253,0,23000
26011635086,0,23000
28011721538,0,23000
30011763777,0,23000
