5132,0,0
2000609900,0,13
4000714116,0,13
6000765829,0,13
8000789909,0,13
10001131374,0,13
5526,0,0
1999904468,0,13
3999931312,0,13
5999986183,0,13
8000591741,0,13
5132,0,0
2028778202,0,13
5527,0,0
2015264870,0,13
6711,0,0
2000357255,0,13
4000388441,0,13
6000428706,0,13
8000612663,0,13
10001245854,0,13
12001308226,0,13
14001329937,0,13
16001546659,0,13
18001692324,0,13
20002560790,0,13
408574,0,0
2008667686,0,13
4008934542,0,13
6009387328,0,13
8009767480,0,13
5922,0,0
2018867031,0,13
4019152835,0,13
6019583910,0,13
6317,0,0
2000165799,0,13
4000596479,0,13
6001562450,0,13
8001731011,0,13
10001997472,0,13
12002662638,0,13
14002774355,0,13
16003156085,0,13
18003567817,0,13
20003812567,0,13
6316,0,0
2000181194,0,13
4000588189,0,13
7106,0,0
2028046322,0,13
5132,0,0
2011445593,0,13
4012040493,0,13
6012374063,0,13
6316,0,0
2000366335,0,13
4000368309,0,13
5527,0,0
1999861835,0,13
6316,0,0
2008902172,0,13
6711,0,0
2000087241,0,13
5921,0,0
2027746307,0,13
4028679118,0,13
6028671618,0,13
8029290992,0,13
10029779307,0,13
12029907998,0,13
14030034320,0,13
5922,0,0
2005324487,0,13
4005422387,0,13
6005859383,0,13
8006520207,0,13
5527,0,0
2000544765,0,13
4000966366,0,13
7106,0,0
2000610295,0,13
7895,0,0
2018403586,0,13
4018587148,0,13
6018608860,0,13
7501,0,0
6316,0,0
5526,0,0
2000146850,0,13
4000259750,0,13
6000698720,0,13
8001088346,0,13
10658,0,0
2024303234,0,13
4024804575,0,13
6025056036,0,13
8025660409,0,13
7500,0,0
5526,0,0
2025365920,0,13
4025575931,0,13
6025615407,0,13
4737,0,0
2029669565,0,13
4029782071,0,13
6030092745,0,13
8030580270,0,13
5527,0,0
2034404678,0,13
5526,0,0
2000170140,0,13
4000780040,0,13
6317,0,0
2034152429,0,13
4034313095,0,13
6034495078,0,13
8034557845,0,13
10034947470,0,13
12035067476,0,13
14035555791,0,13
5922,0,0
2000707800,0,13
4001022817,0,13
6001054397,0,13
8001107295,0,13
10001099794,0,13
12001362308,0,13
14001682851,0,13
7106,0,0
2010027625,0,13
4010125130,0,13
6010323693,0,13
8010681738,0,13
5526,0,0
2000609505,0,13
4001055976,0,13
6001501262,0,13
8002124584,0,13
10002255248,0,13
12002289987,0,13
14002780670,0,13
16002846595,0,13
18003144636,0,13
20003627030,0,13
5921,0,0
2000747670,0,13
4000899257,0,13
6001071371,0,13
8001092293,0,13
10001518631,0,13
12001591267,0,13
14001899572,0,13
16002192877,0,13
18002597108,0,13
20003058974,0,13
1185,0,0
2000279883,0,13
4000509632,0,13
6000493842,0,13
8685,0,0
2030088007,0,13
5921,0,0
2000614637,0,13
4000640296,0,13
6316,0,0
2000192642,0,13
4000194221,0,13
6000230144,0,13
8001186246,0,13
5526,0,0
2000480419,0,13
4001026764,0,13
6001475603,0,13
8001539948,0,13
10002100109,0,13
12002139584,0,13
14002578949,0,13
16003007261,0,13
18003532683,0,13
20003627425,0,13
7895,0,0
1999999606,0,13
6711,0,0
2001031896,0,13
4001477577,0,13
6002152217,0,13
8002595924,0,13
5922,0,0
2000099874,0,13
4000955313,0,13
6001444812,0,13
8001757854,0,13
10002734484,0,13
12003016736,0,13
5921,0,0
2035079713,0,13
4035279855,0,13
6035493024,0,13
7895,0,0
2025918581,0,13
4026239913,0,13
6026232413,0,13
5527,0,0
2011918118,0,13
5131,0,0
2008542943,0,13
5527,0,0
2030963579,0,13
4031224119,0,13
6031382417,0,13
8031423866,0,13
10031484264,0,13
5921,0,0
2018920323,0,13
5526,0,0
2001659560,0,13
4002053527,0,13
5527,0,0
1999988158,0,13
5921,0,0
2000370282,0,13
4001113610,0,13
6001200851,0,13
8002159717,0,13
5526,0,0
5921,0,0
2009492729,0,13
4009741031,0,13
6009767875,0,13
8009798271,0,13
10010261716,0,13
12010911092,0,13
14011205581,0,13
16011369800,0,13
18012348009,0,13
5527,0,0
2027668145,0,13
4028071193,0,13
6711,0,0
2026888894,0,13
5527,0,0
1999843282,0,13
4000465025,0,13
6000478841,0,13
8001239933,0,13
10001487446,0,13
12001847070,0,13
14001974971,0,13
16002005368,0,13
5527,0,0
1999857888,0,13
7106,0,0
2000307516,0,13
4000475288,0,13
6001034659,0,13
8001481129,0,13
10001546264,0,13
12001994314,0,13
14002046027,0,13
16002123794,0,13
18002675270,0,13
20002807514,0,13
5922,0,0
2000356466,0,13
4000497789,0,13
6000511211,0,13
8000554634,0,13
1185,0,0
2000151192,0,13
4001164534,0,13
6001421916,0,13
8001525737,0,13
10002076029,0,13
12002127742,0,13
14002157349,0,13
16002171955,0,13
18002203536,0,13
20002246169,0,13
6316,0,0
2000054476,0,13
4000277909,0,13
6000705826,0,13
8000735038,0,13
10000966366,0,13
6316,0,0
1999871309,0,13
6316,0,0
2000040660,0,13
4000100268,0,13
4737,0,0
2000582267,0,13
5921,0,0
1999845255,0,13
5527,0,0
2000183957,0,13
4000202511,0,13
5526,0,0
2000196194,0,13
4000667139,0,13
6000875966,0,13
8001100188,0,13
10001152691,0,13
12001145191,0,13
14001276645,0,13
16001290461,0,13
18001315726,0,13
20001372176,0,13
6316,0,0
2027698147,0,13
4028424895,0,13
6028473055,0,13
8029272833,0,13
10029358101,0,13
12029570086,0,13
14029595745,0,13
56450,0,0
2000057240,0,13
4000075794,0,13
6000095531,0,13
6316,0,0
2000832938,0,13
4000793462,0,13
6006054787,0,13
6316,0,0
2011378485,0,13
5921,0,0
2029898918,0,13
4029894971,0,13
16185,0,0
2012325902,0,13
4012316033,0,13
6013003700,0,13
8013051861,0,13
10013098047,0,13
12014028490,0,13
14015007883,0,13
16015048149,0,13
18015073018,0,13
20015774107,0,13
6711,0,0
2000793857,0,13
1184,0,0
2000160666,0,13
4000505684,0,13
6000774514,0,13
8000832148,0,13
10001284935,0,13
12001556133,0,13
7105,0,0
2000491473,0,13
5922,0,0
2033418970,0,13
4033853598,0,13
5921,0,0
2000132243,0,13
4000113295,0,13
6000112111,0,13
8000222248,0,13
10000574371,0,13
12000605952,0,13
14000922942,0,13
16001036237,0,13
18001107294,0,13
20001092688,0,13
5526,0,0
2002611714,0,13
4002981602,0,13
6003312014,0,13
8003304118,0,13
10003640452,0,13
12004063631,0,13
14004066789,0,13
16004063237,0,13
18004283116,0,13
20004725639,0,13
1185,0,0
1999911180,0,13
4002381176,0,13
6002475523,0,13
8003282802,0,13
10003772301,0,13
12003788486,0,13
14003892307,0,13
16004376675,0,13
18004755642,0,13
20004983417,0,13
790,0,0
1999746961,0,13
3999792358,0,13
5999962893,0,13
8000032371,0,13
10000988078,0,13
12001403757,0,13
14002334990,0,13
16002962259,0,13
18003312804,0,13
20004242063,0,13
5132,0,0
2000465813,0,13
4015225394,0,13
6015703051,0,13
8015737000,0,13
10016031094,0,13
12016885349,0,13
14016905482,0,13
16016938246,0,13
18017318003,0,13
20017558015,0,13
2369,0,0
2000457129,0,13
4000290541,0,13
6000332386,0,13
6316,0,0
2000907941,0,13
4005623317,0,13
6006426254,0,13
8018496748,0,13
10024010323,0,13
12033439102,0,13
14035860543,0,13
16042321536,0,13
18043865037,0,13
20051532803,0,13
5527,0,0
2001042554,0,13
4012458541,0,13
6014051781,0,13
8026090300,0,13
10028447791,0,13
6316,0,0
2009829062,0,13
4021109647,0,13
6028725699,0,13
8031381232,0,13
10045230502,0,13
12059993241,0,13
14067410336,0,13
16074928095,0,13
18078261425,0,13
5527,0,0
2043502650,0,13
4050296818,0,13
6063621851,0,13
8065265226,0,13
10072564289,0,13
12079025676,0,13
14079993226,0,13
16089332789,0,13
18101788962,0,13
6316,0,0
2058356183,0,13
4058814496,0,13
6066719512,0,13
8068103531,0,13
10077833509,0,13
12081380403,0,13
14090212308,0,13
16105342566,0,13
18114341849,0,13
5132,0,0
2002508683,0,14
4012846587,0,14
6025016166,0,14
8039040314,0,14
10039025313,0,14
12039742587,0,14
14041978097,0,14
16057388633,0,14
18065743672,0,14
5922,0,0
2056841105,0,14
4066333439,0,14
6068471839,0,14
8071536340,0,14
10076739242,0,14
12090901555,0,14
14105076500,0,14
16105511128,0,14
18110365853,0,14
20119375005,0,14
5131,0,0
2069640715,0,14
4082653890,0,14
6095564428,0,14
8109084471,0,14
5921,0,0
5526,0,0
2005589369,0,17
4006535207,0,17
6015688839,0,17
8019245208,0,17
10022297077,0,17
12033839780,0,17
14034921021,0,17
16034996814,0,17
18038698848,0,17
20041400567,0,17
5527,0,0
5526,0,0
2009930120,0,17
4012496042,0,17
6012497621,0,17
8013975198,0,17
10021517826,0,17
12024697201,0,17
14034643111,0,17
16043422909,0,17
18045428670,0,17
20047931037,0,17
6316,0,0
2000497789,0,18
6711,0,0
2034353755,0,18
5921,0,0
2002444337,0,18
4006364277,0,18
6006365856,0,18
8006496916,0,18
10011576258,0,18
12020591330,0,18
14021838369,0,18
16022087066,0,18
18037166005,0,18
5526,0,0
2000390020,0,18
4008240164,0,18
6011984832,0,18
5922,0,0
2056556090,0,18
6316,0,0
2001483103,0,18
4003876912,0,18
6013414248,0,18
8024701939,0,18
10034257039,0,18
12043536994,0,18
14051527672,0,18
16059257020,0,18
18067574556,0,18
5921,0,0
2032619980,0,18
4034801804,0,18
6040728295,0,18
8047029017,0,18
10047642469,0,18
12057502718,0,18
14065005870,0,18
16071217771,0,18
18081000646,0,18
20088153254,0,18
5921,0,0
2058245257,0,18
4069078976,0,18
6076197240,0,18
8087332949,0,18
10095941421,0,18
12106661056,0,18
14107704794,0,18
16118143362,0,18
18131062189,0,18
5527,0,0
2053765551,0,18
4060112459,0,18
6066311727,0,18
8073997257,0,18
10074558997,0,18
12078266558,0,18
14085063489,0,18
16096266701,0,18
18098718144,0,18
5921,0,0
2090124672,0,18
4102350306,0,18
6112569388,0,18
8120622832,0,18
10134406178,0,18
12146657471,0,18
14155346869,0,18
16155460559,0,18
18162098798,0,18
6316,0,0
2075509968,0,20
4078282743,0,20
6088313526,0,20
8098582743,0,20
5921,0,0
2010801744,0,20
6316,0,0
2047477462,0,20
4054074646,0,20
6711,0,0
2001526527,0,20
5921,0,0
2007617631,0,20
4010839641,0,20
5922,0,0
2002535921,0,20
5921,0,0
2006167293,0,20
4020958849,0,20
6033001710,0,20
8033334886,0,20
10040004310,0,20
12048293029,0,20
14051341740,0,20
16059891394,0,20
18068235774,0,20
5921,0,0
2005853461,0,23
4014881561,0,23
5921,0,0
2002632636,0,23
4002612899,0,23
5527,0,0
2001539159,0,23
4002629873,0,23
6014012305,0,23
6316,0,0
2009788007,0,23
4021061092,0,23
6029717330,0,23
8038528708,0,23
10043859116,0,23
6711,0,0
2034123217,0,23
4048446196,0,23
6059680200,0,23
8075017705,0,23
10086108807,0,23
12096110378,0,23
14103632083,0,23
16111408013,0,23
18115788635,0,23
5921,0,0
2012830007,0,23
4018421744,0,23
6029617851,0,23
8041019231,0,23
10055074171,0,23
1184,0,0
12065900785,0,23
2008701635,0,23
14074078577,0,23
4008840195,0,23
16074126737,0,23
6016995486,0,23
18090465347,0,23
8041959938,0,23
10053497905,0,23
12063087349,0,23
14075530100,0,23
16086500010,0,23
18086942533,0,23
7500,0,0
1999975525,0,23
4004247983,0,23
6013310427,0,23
8013322664,0,23
10017145099,0,23
12018690969,0,23
14025400659,0,23
16028359365,0,23
18039124792,0,23
1184,0,0
2001027158,0,23
4010172896,0,23
6015865296,0,23
8015851480,0,23
10018568594,0,23
12032715512,0,23
14042234295,0,23
16047385483,0,23
18052571015,0,23
1184,0,0
2010877143,0,23
4022776312,0,23
6033330544,0,23
8039197821,0,23
5527,0,0
2007472361,0,23
4008222400,0,23
6008246480,0,23
8008737164,0,23
10011393486,0,23
12011870747,0,23
14012316428,0,23
16012726581,0,23
18013050282,0,23
20013512938,0,23
1184,0,0
2000234485,0,23
4000851096,0,23
6001157823,0,23
8001421521,0,23
10001529684,0,23
12001864438,0,23
14002630662,0,23
16003205429,0,23
18003227535,0,23
20003735193,0,23
1579,0,0
2000082110,0,23
4000347387,0,23
6000786357,0,23
8000796621,0,23
10000828201,0,23
12000906363,0,23
14001558897,0,23
16002310515,0,23
18003289513,0,23
20003529526,0,23
1579,0,0
2000263303,0,23
4000292910,0,23
6000805699,0,23
8001127821,0,23
10001186640,0,23
12001211905,0,23
14001974970,0,23
16002464864,0,23
18002500392,0,23
20002559606,0,23
789,0,0
2000913468,0,23
4000964392,0,23
6001726668,0,23
8002543026,0,23
10003689796,0,23
12003670058,0,23
14003688612,0,23
16004082580,0,23
18004320224,0,23
20004608396,0,23
789,0,0
2000251855,0,23
4000805304,0,23
6000849517,0,23
8001011368,0,23
10001677718,0,23
12001881808,0,23
14002786197,0,23
16002931862,0,23
18003279248,0,23
20003543736,0,23
1184,0,0
1999970393,0,23
4000282646,0,23
6000319754,0,23
8000658061,0,23
10000682141,0,23
12001547054,0,23
14001669034,0,23
16001907073,0,23
18004342331,0,23
20004598528,0,23
1184,0,0
2000230143,0,23
4000301199,0,23
6000356860,0,23
8000753591,0,23
10001231642,0,23
12001287698,0,23
14001333490,0,23
16001680876,0,23
18002010499,0,23
20002169981,0,23
1185,0,0
2000136586,0,23
4000168167,0,23
6000653324,0,23
8000813595,0,23
10001469287,0,23
12001974576,0,23
14002493287,0,23
16002814620,0,23
18002818173,0,23
20002893177,0,23
1184,0,0
1999936839,0,23
4000278304,0,23
6000294094,0,23
8000970708,0,23
10000994394,0,23
12001445206,0,23
14001566792,0,23
16002140769,0,23
18002172349,0,23
20002263144,0,23
1185,0,0
1999921049,0,23
4000228565,0,23
6000277909,0,23
8000363572,0,23
10000419627,0,23
12000885046,0,23
14000896889,0,23
16001240723,0,23
18002072081,0,23
20002210246,0,23
1184,0,0
2000182772,0,23
4000461471,0,23
6006635081,0,23
8006651660,0,23
10006956018,0,23
12007330248,0,23
14007559207,0,23
16007586840,0,23
18008078708,0,23
20008389382,0,23
790,0,0
2000484762,0,23
4001314937,0,23
6001348491,0,23
8001492183,0,23
10002368544,0,23
12002687113,0,23
14002717510,0,23
16002736458,0,23
18003186481,0,23
20003621109,0,23
1184,0,0
2000574766,0,23
4005191058,0,23
6005082500,0,23
8005105396,0,23
10005310275,0,23
12006019654,0,23
14006369803,0,23
16006885751,0,23
18007294325,0,23
20007381172,0,23
1184,0,0
2007303405,0,23
4010898854,0,23
6020567645,0,23
8031737698,0,23
10042802350,0,23
12054440980,0,23
14061066981,0,23
16073341960,0,23
18073477756,0,23
790,0,0
2000045792,0,23
4000847544,0,23
6001255328,0,23
8002731721,0,23
10003689797,0,23
12004633661,0,23
14004756826,0,23
16005072632,0,23
18005407386,0,23
20005474100,0,23
1184,0,0
2000750434,0,23
4000990446,0,23
6001409678,0,23
8001439680,0,23
10001485866,0,23
12001549817,0,23
14002096161,0,23
16002124979,0,23
18002192877,0,23
20002220905,0,23
1184,0,0
2000109742,0,23
4000551476,0,23
6000549502,0,23
8001102952,0,23
10001147559,0,23
12001440074,0,23
14001474813,0,23
16001811541,0,23
18001840753,0,23
20001862859,0,23
790,0,0
1999979078,0,23
4000257777,0,23
6000332386,0,23
8000633586,0,23
10000992815,0,23
12001237959,0,23
14001666666,0,23
16001644559,0,23
18001977734,0,23
20002678034,0,23
1184,0,0
1999716170,0,23
4000248697,0,23
6000701484,0,23
8000909916,0,23
10001159402,0,23
12001412442,0,23
14001444022,0,23
16001873124,0,23
18002472760,0,23
20002528026,0,23
1185,0,0
2002555264,0,23
4002935811,0,23
6003373991,0,23
8004232194,0,23
10005069869,0,23
12005163821,0,23
14005498180,0,23
16005792274,0,23
18006725086,0,23
20007505916,0,23
790,0,0
2000393179,0,23
4000406995,0,23
6000618585,0,23
8001509157,0,23
10002178271,0,23
12003152532,0,23
14003536236,0,23
16003668085,0,23
18004449705,0,23
20004898149,0,23
1184,0,0
1999907232,0,23
3999939207,0,23
6000459102,0,23
8001399414,0,23
10002148269,0,23
12002636189,0,23
14003594660,0,23
16004067579,0,23
18004322592,0,23
20004677874,0,23
1579,0,0
2000114085,0,23
4001547449,0,23
6001811147,0,23
8002762117,0,23
10002893966,0,23
12003351885,0,23
14003428468,0,23
16003437942,0,23
18003501893,0,23
20004405887,0,23
789,0,0
2000390415,0,23
4000537264,0,23
6001039791,0,23
8001149928,0,23
10002126557,0,23
12002644874,0,23
14002948442,0,23
16003255563,0,23
18003955468,0,23
20004338383,0,23
5526,0,0
2001069397,0,23
4001292435,0,23
6001867202,0,23
8002386308,0,23
10002661059,0,23
12003026209,0,23
14004007576,0,23
16004737088,0,23
18004784458,0,23
20004783669,0,23
1184,0,0
2000301200,0,23
4000377783,0,23
6000873598,0,23
8001189799,0,23
10001325200,0,23
12001328358,0,23
14001481919,0,23
16001596004,0,23
18001752723,0,23
20002479076,0,23
1185,0,0
1999927760,0,23
4000772935,0,23
6004198639,0,23
8003887570,0,23
10004545631,0,23
12004624582,0,23
14005232509,0,23
16007226822,0,23
18007405253,0,23
20008265824,0,23
1974,0,0
2000054872,0,23
4000083294,0,23
6000512790,0,23
8000766224,0,23
10001210721,0,23
12001714037,0,23
14001855755,0,23
16001947733,0,23
18002007341,0,23
20002024316,0,23
8685,0,0
2000030002,0,23
4000452392,0,23
6001043738,0,23
8001509157,0,23
1579,0,0
2001125848,0,23
4001127032,0,23
6001317305,0,23
8031769673,0,23
10031781121,0,23
12032977631,0,23
14033490420,0,23
16033807411,0,23
18033815306,0,23
20033924653,0,23
1184,0,0
2000108953,0,23
4000552660,0,23
6001184666,0,23
8001219800,0,23
10001567976,0,23
12001784697,0,23
14001936284,0,23
16002274197,0,23
18002479470,0,23
20002752642,0,23
6316,0,0
2000842807,0,23
4001022816,0,23
6001071766,0,23
8001261644,0,23
10001740090,0,23
12001784698,0,23
14002072871,0,23
16002444337,0,23
18003117793,0,23
20003996523,0,23
789,0,0
2000216722,0,23
4000703457,0,23
6000763855,0,23
8009146527,0,23
10022264707,0,23
12022479060,0,23
14023184096,0,23
16022938163,0,23
18023198308,0,23
20023400029,0,23
1184,0,0
2000358834,0,23
4000842807,0,23
6000982156,0,23
8001088346,0,23
10005800564,0,23
12005804117,0,23
14006007022,0,23
16006449545,0,23
18006543497,0,23
20007529601,0,23
1579,0,0
2000253828,0,23
4000434627,0,23
6000517526,0,23
8000853860,0,23
10000933601,0,23
12000926890,0,23
14001679297,0,23
16001991550,0,23
18002192087,0,23
20002386307,0,23
790,0,0
1999842887,0,23
4000123559,0,23
6000222249,0,23
8000699905,0,23
10001035843,0,23
12001084793,0,23
14001351649,0,23
16001723511,0,23
18002102478,0,23
20002172350,0,23
6316,0,0
2000678982,0,23
4000843596,0,23
6001119137,0,23
8001573502,0,23
10001637848,0,23
12002121425,0,23
14004357726,0,23
16006168083,0,23
18006398226,0,23
5526,0,0
2000671087,0,11
5921,0,0
2000504894,0,11
4000656876,0,11
6000945838,0,11
8001656796,0,11
10002426178,0,11
12002762906,0,11
14002978838,0,11
16003292276,0,11
18031907443,0,11
20032668536,0,11
6316,0,0
2000137770,0,23
4000213958,0,23
6000439365,0,23
8000500947,0,23
10000536475,0,23
12000613848,0,23
14000975840,0,23
16000995578,0,23
18001062292,0,23
99084,0,0
2000309489,0,23
4000729906,0,23
6001650875,0,23
8001968654,0,23
10002413151,0,23
12003242141,0,23
14003410703,0,23
16004011523,0,23
18004050999,0,23
20004482863,0,23
1184,0,0
2000109742,0,23
4001076503,0,23
6001426258,0,23
8001875886,0,23
10001924047,0,23
12001956022,0,23
14002504735,0,23
16002998576,0,23
18003143452,0,23
20003475443,0,23
5132,0,0
2000859386,0,23
4000922942,0,23
1185,0,0
2000525028,0,23
4000587399,0,23
6000671088,0,23
8001022817,0,23
10001244670,0,23
12001437312,0,23
14001483104,0,23
16001734564,0,23
18001745223,0,23
20001852202,0,23
5921,0,0
2001993526,0,23
4002973314,0,23
6003319122,0,23
8003616769,0,23
10003860335,0,23
12004389310,0,23
14004419311,0,23
16005386862,0,23
18005489499,0,23
20005522659,0,23
5921,0,0
1999559845,0,23
3999612348,0,23
6000366335,0,23
8001163351,0,23
10001468893,0,23
12002308937,0,23
14002304990,0,23
5921,0,0
1999568135,0,23
3999906837,0,23
6000008290,0,23
8000076977,0,23
10000956103,0,23
12001116374,0,23
14001161771,0,23
16001709695,0,23
18002156955,0,23
20002231170,0,23
5527,0,0
1999596163,0,23
3999856703,0,23
8685,0,0
2000204879,0,23
4000206853,0,23
6000259356,0,23
8000312648,0,23
10000383705,0,23
12000415680,0,23
14000664377,0,23
16000680562,0,23
18000708195,0,23
5922,0,0
1999979078,0,23
5526,0,0
1999881967,0,23
4000860966,0,23
6000901232,0,23
8000871625,0,23
5527,0,0
1999734328,0,23
4000404232,0,23
6000424365,0,23
8001408495,0,23
10001459419,0,23
12002125770,0,23
14002778699,0,23
16003340045,0,23
18003810201,0,23
20003835860,0,23
5526,0,0
2000296463,0,23
4000916627,0,23
5922,0,0
2000102243,0,23
4000680957,0,23
6000748461,0,23
8001327176,0,23
10001444419,0,23
12001902732,0,23
14002856861,0,23
16003259119,0,23
18004138639,0,23
20004999606,0,23
5527,0,0
2000716485,0,23
5921,0,0
2000582267,0,23
4001012553,0,23
6001803647,0,23
8001851413,0,23
10002770014,0,23
12003626638,0,23
14003682693,0,23
16003840596,0,23
18004289831,0,23
20004934470,0,23
6316,0,0
1999371941,0,23
4000353703,0,23
5921,0,0
1999431549,0,23
3999587478,0,23
6000570425,0,23
8000591347,0,23
10000710564,0,23
12000939128,0,23
14001757461,0,23
16002677641,0,23
18003034107,0,23
20003027001,0,23
5922,0,0
2000083689,0,23
4000249882,0,23
6000580294,0,23
8000626086,0,23
10001060714,0,23
12001674562,0,23
14002263935,0,23
16003115427,0,23
18003593479,0,23
20004403127,0,23
5526,0,0
2000542397,0,23
4001474419,0,23
6001942602,0,23
8002749487,0,23
10003513737,0,23
12003909679,0,23
14004273251,0,23
16005070661,0,23
18005216327,0,23
20005506869,0,23
5132,0,0
2000483183,0,23
4001199273,0,23
6001667456,0,23
8002321964,0,23
10002632244,0,23
12003491631,0,23
14004503000,0,23
16004592610,0,23
18004780909,0,23
20005541212,0,23
4737,0,0
1999725643,0,23
4000480025,0,23
6001299542,0,23
8001369809,0,23
10001630349,0,23
12002133270,0,23
14002181431,0,23
16002905416,0,23
18003559135,0,23
20003607295,0,23
5922,0,0
2000324886,0,23
4000632797,0,23
6000817149,0,23
8000947419,0,23
10001209538,0,23
12001240329,0,23
14001415996,0,23
16002443945,0,23
18003008843,0,23
20003556766,0,23
6316,0,0
1999924996,0,23
4000667140,0,23
5527,0,0
2000596873,0,23
4001260461,0,23
6001900363,0,23
8001891678,0,23
10002752645,0,23
12003666114,0,23
14004068767,0,23
16004581162,0,23
18005376993,0,23
20005760303,0,23
5526,0,0
1999859861,0,23
4000039476,0,23
6000624112,0,23
8001442444,0,23
10001661140,0,23
12002566714,0,23
14002687115,0,23
16003095689,0,23
18003116216,0,23
20003687825,0,23
5526,0,0
5527,0,0
2000124744,0,23
5527,0,0
5132,0,0
5132,0,0
2001102163,0,23
4001975367,0,23
6002472762,0,23
8003513343,0,23
10004467472,0,23
12004477341,0,23
14004732749,0,23
16004934076,0,23
18005165798,0,23
20005984920,0,23
5527,0,0
5527,0,0
1999703537,0,23
4000029212,0,23
6316,0,0
1999958156,0,23
3999998027,0,23
6000535686,0,23
5131,0,0
2000125532,0,23
4000345412,0,23
6000505684,0,23
8001494157,0,23
10001515869,0,23
12002106426,0,23
14002878572,0,23
16003120559,0,23
18003994157,0,23
20004188378,0,23
5921,0,0
2000315017,0,23
4001273883,0,23
6001332307,0,23
8002170377,0,23
10002317622,0,23
12002361835,0,23
14002363809,0,23
16002391836,0,23
18002846597,0,23
20003269383,0,23
6316,0,0
2000051713,0,23
4000107769,0,23
6000207642,0,23
8000767409,0,23
10001524948,0,23
12001814306,0,23
14002163272,0,23
16002950813,0,23
18003044765,0,23
20003195957,0,23
5921,0,0
1999857887,0,23
4000867677,0,23
6000882678,0,23
8001189799,0,23
10001235986,0,23
12001357966,0,23
14002326701,0,23
16002804753,0,23
18003793621,0,23
20003805069,0,23
5132,0,0
2000099479,0,23
4000331596,0,23
6001303884,0,23
8001336649,0,23
10001402574,0,23
12002035370,0,23
14002393020,0,23
16002690668,0,23
18002937786,0,23
20003606111,0,23
1184,0,0
1999992499,0,23
4000785568,0,23
6001332307,0,23
6316,0,0
2000283041,0,23
4001247434,0,23
6001608243,0,23
8001818254,0,23
10001825359,0,23
12001886942,0,23
14002040108,0,23
16002123796,0,23
18002310122,0,23
20003063319,0,23
6710,0,0
2000646613,0,23
4001226906,0,23
6001335465,0,23
8001457445,0,23
10001699036,0,23
12002338544,0,23
14002629875,0,23
16003098847,0,23
18003756513,0,23
20004182851,0,23
1184,0,0
2000373835,0,23
4001206774,0,23
6001708906,0,23
8002373677,0,23
10003456498,0,23
12003987841,0,23
14004381809,0,23
5527,0,0
1999934865,0,23
4000588584,0,23
6001451919,0,23
8002401311,0,23
5526,0,0
2000492262,0,23
5922,0,0
2000886231,0,23
4000917812,0,23
6001627981,0,23
8002365783,0,23
10003294253,0,23
12003517291,0,23
14004132323,0,23
16004518001,0,23
18004827491,0,23
20005054872,0,23
6711,0,0
2000109348,0,13
4001129797,0,13
6001975367,0,13
8002624349,0,13
10002696195,0,13
12002814622,0,13
14003590321,0,13
9869,0,0
1999801832,0,1
4000455945,0,1
6000872415,0,1
8000910312,0,1
10001839966,0,1
12002711591,0,1
14003135560,0,1
16003229513,0,1
6316,0,0
1999521554,0,13
4000523054,0,13
6001304674,0,13
8001865625,0,13
10002801200,0,13
12002845808,0,13
14002970551,0,13
16003850861,0,13
5922,0,0
2000365546,0,13
4000720828,0,13
6001127823,0,13
6316,0,0
1999768277,0,13
3999830254,0,13
5921,0,0
2000731486,0,13
4001199668,0,13
5527,0,0
2000184747,0,13
5132,0,0
2000848334,0,13
4001850624,0,13
6002790147,0,13
8003062135,0,13
10004025738,0,13
12004157982,0,13
14005099084,0,13
16005772541,0,13
18006622849,0,13
20006886547,0,13
6316,0,0
2000342650,0,13
4001230065,0,13
6002199590,0,13
8003051477,0,13
10003059767,0,13
12003604532,0,13
14003651903,0,13
5527,0,0
2000673457,0,13
4001627586,0,13
6002585663,0,13
8003255172,0,13
10004179694,0,13
12015295674,0,13
14015920970,0,13
16016725881,0,13
18016941024,0,13
20017847387,0,13
5921,0,0
1999993684,0,13
4000425549,0,13
6001194142,0,13
8002020764,0,13
10002401311,0,13
12002505921,0,13
14003037660,0,13
16003062530,0,13
18003857572,0,13
20004277988,0,13
5132,0,0
2000021317,0,13
4000830965,0,13
7106,0,0
1999746171,0,13
6316,0,0
2000337123,0,13
4001035844,0,13
6001648508,0,13
8001650481,0,13
10002319990,0,13
12003261092,0,13
14003284778,0,13
16003344781,0,13
18003590715,0,13
20004212853,0,13
5922,0,0
2000440945,0,13
7895,0,0
2000189878,0,13
5526,0,0
2000453971,0,13
5527,0,0
1999511290,0,13
5132,0,0
2000304358,0,13
5526,0,0
2000003158,0,13
4000421601,0,13
11053,0,0
2000201721,0,13
4001014132,0,13
6316,0,0
2000753197,0,13
4001137691,0,13
5921,0,0
2000647007,0,23
4000679772,0,23
6001034659,0,23
8002055108,0,23
10002529212,0,23
12003381888,0,23
14003842965,0,23
16003901784,0,23
18003967708,0,23
20004667614,0,23
6316,0,0
1999915127,0,23
4000735434,0,23
5527,0,0
2001159403,0,23
4001406916,0,23
5921,0,0
2000319754,0,23
6317,0,0
1184,0,0
2000610296,0,23
2000015790,0,23
4001306648,0,23
4000301200,0,23
5132,0,0
1999690510,0,6
3999909206,0,6
6000824254,0,6
8001033081,0,6
10002009316,0,6
12002132481,0,6
14002861203,0,6
16003313990,0,6
5132,0,0
2000635165,0,6
4001331518,0,6
6001354414,0,6
8002068530,0,6
10002820938,0,6
12003311622,0,6
5921,0,0
2007897916,0,23
4008895863,0,23
6008945208,0,23
8008936523,0,23
10009508132,0,23
12018836649,0,23
14018901784,0,23
16019657745,0,23
18019825912,0,23
20020162640,0,23
5921,0,0
2000842807,0,6
4001534423,0,6
6001644560,0,6
8001726275,0,6
10002498026,0,6
12002479078,0,6
14002997394,0,6
16003058187,0,6
18003158456,0,6
20004030080,0,6
6316,0,0
2000172114,0,23
4000847544,0,23
6000722011,0,23
8001672193,0,23
10002064187,0,23
12003103979,0,23
14003803489,0,23
16003816516,0,23
18004146929,0,23
20004511685,0,23
5921,0,0
2000403442,0,6
4000466998,0,6
6000572793,0,6
5921,0,0
1999806963,0,6
3999982631,0,6
6000887020,0,6
8001109269,0,6
10001215459,0,6
12001280594,0,6
14001696273,0,6
16001844307,0,6
18001852992,0,6
20001948129,0,6
1184,0,0
1999965656,0,12
4000890968,0,12
6001155850,0,12
8001725485,0,12
10002620401,0,12
12003477025,0,12
14003758882,0,12
16004351018,0,12
18005236854,0,12
20005502921,0,12
790,0,0
1999885915,0,12
4000588584,0,12
6001390731,0,12
8001423496,0,12
10002061819,0,12
12002061425,0,12
14002550135,0,12
16003324254,0,12
18003606901,0,12
20003623481,0,12
5132,0,0
2000094742,0,13
4000429496,0,13
6000477262,0,13
8001305068,0,13
5132,0,0
2000680957,0,7
4018115427,0,7
6018511369,0,7
8019433523,0,7
10019596952,0,7
5527,0,0
2000279094,0,23
4000275936,0,23
6001243092,0,23
8001876283,0,23
10001882205,0,23
12002083926,0,23
14002270646,0,23
16003227144,0,23
18003403206,0,23
20003585189,0,23
5921,0,0
2001087557,0,23
4001353624,0,23
6001764172,0,23
8001825754,0,23
10001929575,0,23
12002298279,0,23
14002969367,0,23
16003954682,0,23
18003981131,0,23
20004052187,0,23
5132,0,0
1999960129,0,23
4000529765,0,23
6001054792,0,23
8001320069,0,23
10002056687,0,23
5132,0,0
1999653008,0,7
3999719722,0,7
6000367519,0,7
8000795042,0,7
10001673378,0,7
12002069714,0,7
14002245776,0,7
5921,0,0
2000042634,0,23
4000303568,0,23
6000678193,0,23
8000866888,0,23
10001379283,0,23
12001691931,0,23
14002498421,0,23
16002172351,0,23
18002421443,0,23
20002571056,0,23
6316,0,0
2000345413,0,7
4000914653,0,7
6001768514,0,7
8002652771,0,7
5921,0,0
2000612664,0,7
5132,0,0
1999771831,0,7
4000707011,0,7
6001665483,0,7
8001699037,0,7
10002128928,0,7
12002890021,0,7
14003551635,0,7
16003666509,0,7
18004181668,0,7
20005140929,0,7
6316,0,0
1999640376,0,7
3999675904,0,7
5999680641,0,7
8000498973,0,7
10000907153,0,7
12001708905,0,7
14002561977,0,7
16002809884,0,7
18003789278,0,7
20003915995,0,7
5526,0,0
2000082899,0,7
4000296463,0,7
5921,0,0
1999526291,0,7
5527,0,0
2001643376,0,7
4002599084,0,7
6002644876,0,7
8003254777,0,7
10003919549,0,7
12003980736,0,7
14004338387,0,7
16004815649,0,7
18005522659,0,7
20005578320,0,7
5921,0,0
2000626875,0,7
5922,0,0
1999584715,0,23
3999674325,0,23
6000315806,0,23
8001179931,0,23
10001822596,0,23
12002274199,0,23
14002481841,0,23
16002554477,0,23
18003038450,0,23
20003522817,0,23
5527,0,0
1999664062,0,23
3999885521,0,23
6000070267,0,23
8000296069,0,23
10001240329,0,23
12001609822,0,23
14002377231,0,23
16002975289,0,23
18003609664,0,23
20004142982,0,23
1184,0,0
1999921049,0,12
4000628849,0,12
6000921759,0,12
789,0,0
8000976630,0,12
1999883941,0,23
10001636665,0,12
4000037896,0,23
12001928391,0,12
6000744907,0,23
14002328675,0,12
5922,0,0
1999723275,0,23
4000406996,0,23
6001158614,0,23
8002016028,0,23
6317,0,0
2000453972,0,23
4000524239,0,23
6001159009,0,23
8001718775,0,23
10001890100,0,23
12002533555,0,23
14003347940,0,23
16003609269,0,23
1184,0,0
18003812964,0,23
1999572872,0,23
20004249961,0,23
4000532923,0,23
6000889389,0,23
5922,0,0
1999958945,0,23
4000937155,0,23
6001046108,0,23
8001587715,0,23
6316,0,0
2000014211,0,23
4000050134,0,23
6000857018,0,23
8001098215,0,23
10001202431,0,23
12002209853,0,23
14003046739,0,23
16003882836,0,23
18003954681,0,23
20004754460,0,23
790,0,0
2000704248,0,23
4000806095,0,23
6001738118,0,23
8002454208,0,23
10002976867,0,23
12003057003,0,23
14003178589,0,23
16004103111,0,23
18004915127,0,23
20004927760,0,23
5131,0,0
2000735433,0,23
4001091110,0,23
6001108479,0,23
8001354018,0,23
10002204721,0,23
6316,0,0
1999814464,0,12
4000740170,0,12
6000733854,0,12
8001510737,0,12
10001898389,0,12
12002502763,0,12
14002654745,0,12
16003553608,0,12
18003733223,0,12
789,0,0
20004352992,0,12
1999344702,0,23
3999362466,0,23
5999908811,0,23
8000918206,0,23
10001251381,0,23
12001916153,0,23
14002500394,0,23
16002727775,0,23
18003084636,0,23
20003428075,0,23
1184,0,0
1999695247,0,23
4000226590,0,23
6001024396,0,23
8001381651,0,23
10001370993,0,23
12001610611,0,23
789,0,0
14002505526,0,23
2000812806,0,23
16003405968,0,23
4001774041,0,23
18004411811,0,23
6002634612,0,23
20004748934,0,23
8002640534,0,23
10003579662,0,23
12003653087,0,23
14003832702,0,23
5132,0,0
2000287778,0,23
4000585031,0,23
6000816753,0,23
8001129401,0,23
10001500474,0,23
12002333807,0,23
14002354334,0,23
16002935418,0,23
18003779409,0,23
20004610374,0,23
1184,0,0
2000251855,0,23
4000654113,0,23
6000697141,0,23
8000913863,0,23
10001377704,0,23
12001850623,0,23
14002037738,0,23
16002191299,0,23
18002223274,0,23
20002534738,0,23
5922,0,0
1999716170,0,12
4001873915,0,12
5921,0,0
2000223433,0,12
4000993605,0,12
6001987999,0,12
8002732512,0,12
10003679536,0,12
12004220354,0,12
14004457603,0,12
1184,0,0
16005069477,0,12
2000319753,0,23
18005341860,0,12
4000331991,0,23
20005554635,0,12
6000582662,0,23
8000745697,0,23
10000966761,0,23
12001188615,0,23
14001530080,0,23
16001783909,0,23
18002198800,0,23
5527,0,0
1999611164,0,23
4000380942,0,23
6000830571,0,23
8001755488,0,23
10002691853,0,23
12002761330,0,23
14003084242,0,23
3200,0,0
2000130500,0,2
3000,0,0
1999572600,0,2
4000,0,1
3400,0,0
1999426200,0,2
3000,0,0
2000101600,0,2
4200,0,1
3000,0,0
2000171500,0,2
3500,0,0
2001151600,0,2
3300,0,0
2000545800,0,2
3100,0,0
2000609100,0,2
3000,0,0
2000639300,0,2
4000,0,1
3300,0,0
2015402700,0,2
4300,0,0
1999944800,0,6
3400,0,0
1999658100,0,6
2900,0,0
2000095800,0,6
3400,0,0
2000081100,0,6
3700,0,1
3000,0,0
1999193500,0,6
3000,0,0
1999588300,0,6
2600,0,0
2000016700,0,6
2700,0,0
1999732400,0,6
3200,0,0
2000329300,0,6
2900,0,0
2000116000,0,6
3700,0,0
1999948500,0,6
3300,0,1
3700,0,0
3200,0,0
2001330200,0,14
2600,0,0
1999487800,0,14
2900,0,0
2000238600,0,14
2900,0,0
1999979500,0,14
3800,0,0
2000731500,0,14
3900,0,0
2000031000,0,14
3500,0,0
2000336400,0,14
2500,0,0
2000104200,0,14
2500,0,0
1999710200,0,14
3400,0,0
1999642500,0,14
2800,0,0
2000823600,0,14
3900,0,0
2000190000,0,14
3500,0,0
2001143400,0,14
3100,0,0
2000272200,0,14
2900,0,0
2000507200,0,14
3500,0,0
1999853800,0,14
3200,0,1
2800,0,1
3100,0,0
2000896200,0,14
3500,0,0
2000271500,0,14
3100,0,0
1999395600,0,14
2700,0,0
1999940900,0,16
3600,0,0
2000282100,0,16
3300,0,0
2000247800,0,18
3300,0,0
2000955600,0,18
2800,0,0
2001082400,0,22
3300,0,0
2000438600,0,22
3600,0,0
2000370800,0,22
3700,0,0
1999525300,0,24
3400,0,0
1999671400,0,28
3400,0,0
2002251900,0,30
2900,0,0
2000424400,0,30
3200,0,0
2000030500,0,30
2600,0,0
1999998300,0,30
3300,0,0
1999657500,0,30
2300,0,0
1999541700,0,30
2700,0,0
2000092400,0,30
3800,0,0
1999836100,0,30
2800,0,0
2000483800,0,30
3200,0,0
2000192900,0,30
2800,0,0
2000683200,0,30
2900,0,0
2000229500,0,30
2800,0,0
1999311100,0,30
3100,0,0
1999748700,0,30
2600,0,0
1999732500,0,30
24100,0,0
1999785100,0,30
3200,0,0
1999530900,0,30
2400,0,0
1999443000,0,30
3700,0,0
2000312300,0,32
6000,0,0
2000258000,0,32
2300,0,0
1999931600,0,32
3000,0,0
2000959400,0,32
2700,0,0
2000408000,0,32
3100,0,0
2000208500,0,34
3000,0,0
1986106600,0,34
4100,0,0
1999354000,0,34
3100,0,0
1987463400,0,34
3300,0,0
2009113800,0,34
3200,0,0
2001217000,0,34
3300,0,0
1992994400,0,34
2800,0,0
2002225300,0,34
2600,0,0
1999230100,0,34
3100,0,0
2003068300,0,34
2300,0,0
2000350100,0,34
3200,0,0
1999473300,0,34
3100,0,0
1999668400,0,34
2900,0,0
2000858000,0,30
3400,0,0
2000167200,0,30
2700,0,0
2000275200,0,30
3100,0,0
1999526100,0,30
3100,0,0
2000185200,0,30
3600,1,0
2000161000,0,30
3500,0,0
2000845100,0,30
2900,0,0
1999654500,0,30
3200,0,0
2000551800,0,30
3500,0,0
1999898700,0,28
3400,0,0
2012520200,0,34
2900,0,0
2000166100,0,34
2500,0,0
2000234400,0,34
3100,0,0
2000712400,0,34
3700,0,0
2000432200,0,34
3700,0,0
2000187500,0,34
2600,0,0
2001659000,0,34
3200,0,0
1999681200,0,34
3200,0,0
2000378800,0,34
2600,0,0
1999925900,0,34
2700,0,0
2000890600,0,34
2800,0,0
1999324600,0,34
3000,0,0
1999604600,0,34
3000,0,0
1999752800,0,34
3000,0,0
1999381600,0,34
3700,0,0
2000484100,0,34
2800,0,0
2000159500,0,34
3100,0,0
2000228800,0,34
2700,0,0
2000816500,0,34
4100,0,1
3200,0,0
1995961600,0,34
3200,0,0
2000555300,0,34
3500,0,0
2003600800,0,36
3000,0,0
2000027100,0,36
3600,0,0
2000474400,0,44
3700,0,1
2900,0,0
2000609500,0,44
2600,0,0
1999368000,0,44
3200,0,0
2000225700,0,48
3000,0,0
1999818700,0,48
4100,0,0
1992906100,0,50
3500,0,0
2011138600,0,50
2900,0,0
2000535400,0,50
2900,0,0
1994981900,0,50
2600,0,0
2015030700,0,50
3000,0,0
1993084700,0,50
3500,0,1
1997246200,0,50
3300,0,0
2005304500,0,50
3900,0,0
2005393900,0,50
3600,0,0
2004927300,0,50
3300,0,0
2000639900,0,50
3000,0,0
2000992700,0,50
4000,0,0
1999886800,0,50
3600,0,0
2002482300,0,54
4100,0,0
2000270100,0,54
2500,0,0
1999975400,0,54
3100,0,0
1996405200,0,54
3300,0,1
2500,0,0
2010396300,0,54
3700,0,1
3300,0,1
3300,0,0
2010000300,0,50
2500,0,0
2001524500,0,54
3800,0,0
2000588300,0,54
3600,0,0
2000098300,0,54
2600,0,0
2006134700,0,74
3100,0,0
1999838000,0,94
3400,0,0
2000787700,0,94
3700,0,0
2001714800,0,94
2900,0,0
2007054700,0,94
3500,0,1
1996572600,0,94
3000,0,0
1990321100,0,94
3700,0,0
1997556400,0,94
3100,0,0
1997034000,0,94
3400,0,0
2014869400,0,114
2600,0,0
1994124900,0,118
3000,0,0
1987641800,0,118
3200,0,0
1999988700,0,118
4400,0,0
1999784700,0,118
3900,0,0
2008304500,0,118
2400,0,0
1996373200,0,114
2500,0,0
1989428900,0,114
2900,0,0
1993489300,0,108
4600,0,1
2005137400,0,108
2500,0,0
2001129100,0,106
3000,1,0
1997081900,0,102
3100,0,0
1998864700,0,100
2900,0,0
1995636700,0,100
4500,0,1
2700,0,0
1993603400,0,102
3100,0,0
1996397200,0,100
2700,0,0
1989304400,0,114
4000,0,1
1989530000,0,24
3700,0,0
2000159800,0,24
3000,0,0
2004223400,0,24
2600,0,0
2009156600,0,34
3400,0,0
2010300200,0,34
3900,0,0
2000276500,0,34
3000,0,0
2005344600,0,88
3100,0,0
1987348400,0,34
2900,0,0
1997488900,0,34
3500,0,0
2015486200,0,88
2600,0,0
1993759300,0,88
3400,0,0
1999855500,0,88
3000,0,0
2015068100,0,88
3300,0,0
1999797500,0,88
3200,0,0
1999879300,0,70
3500,0,0
1997787000,0,70
2900,0,0
2000162200,0,70
3200,0,0
2005295300,0,70
3600,0,0
2000159800,0,70
3500,0,0
1999841500,0,88
3100,0,0
1999509500,0,16
2700,0,0
2000131200,0,16
3500,0,0
2002141600,0,88
3200,0,0
2002671000,0,94
3300,0,0
1989785500,0,94
3200,0,0
1987982900,0,94
3000,0,0
2009007200,0,94
3300,0,0
2000095400,0,94
2900,0,0
2004433400,0,94
2800,0,0
2001372000,0,84
3600,0,0
1997441600,0,64
3100,0,0
2003797000,0,74
3300,0,0
1997881500,0,94
2700,0,0
2014509700,0,94
2300,0,0
2005007300,0,94
3300,0,0
1989869000,0,100
3000,0,0
1993607900,0,100
2300,0,0
2002889900,0,100
3200,0,0
1991233200,0,100
2900,0,0
2002993600,0,100
4000,0,0
2000352500,0,100
2600,0,0
2001533600,0,100
3600,0,0
2013001800,0,88
2500,0,0
1997382900,0,94
3400,0,0
2000236200,0,94
3400,0,0
1999649200,0,94
3500,0,0
2000227100,0,94
3000,0,0
2000133900,0,94
3000,0,0
2002707700,0,94
3000,0,0
2005181700,0,94
3300,0,0
1999627900,0,94
3400,0,0
2000306600,0,94
3000,0,0
1999680900,0,94
3900,0,1
3000,0,0
1999822000,0,94
3100,0,0
1999422300,0,114
2600,0,0
2004759200,0,114
2200,0,0
2000068800,0,114
3900,0,0
2000929000,0,114
3000,0,0
2000619800,0,114
3700,0,0
2004872300,0,114
3100,0,0
2001931900,0,118
3000,0,0
2000557600,0,94
3500,0,1
1999402400,0,94
3400,0,0
1999753400,0,94
3800,0,0
1999841800,0,94
3400,0,0
1992804600,0,94
2500,0,0
2000252000,0,94
4000,0,0
1993450400,0,94
3400,0,0
1986395200,0,94
2600,0,0
1996546900,0,106
2900,0,0
1998014100,0,106
3100,0,0
1991116500,0,106
3200,0,0
1995698000,0,88
3500,0,0
1993346600,0,94
3300,0,0
1990374800,0,94
3300,0,0
1990034300,0,94
3000,0,0
1992727000,0,94
3200,0,0
1994587200,0,88
2600,0,0
1988517600,0,88
3500,0,0
1988816100,0,88
4100,0,0
1996529300,0,66
2500,0,0
2006582500,0,94
2600,0,0
2002022400,0,66
2300,0,0
2002816800,0,94
3200,0,0
1996109300,0,68
2800,0,0
1996746600,0,68
2500,0,0
2000237100,0,68
2700,0,0
2012394200,0,68
3000,0,0
2011438400,0,68
3700,0,0
1995335400,0,88
3300,0,0
2012298400,0,88
3700,0,0
2004341800,0,88
2800,0,0
1991379700,0,88
2400,0,0
2009188600,0,88
3400,0,0
2007984500,0,88
2900,0,0
2000196100,0,88
3600,0,0
1999846400,0,88
2500,0,0
1999243700,0,88
3100,0,0
2000565800,0,88
3600,0,0
2000820500,0,88
3300,0,0
1999546900,0,88
3900,0,0
2000113500,0,16
2800,0,0
1999871900,0,16
3900,0,0
1999366100,0,88
2900,0,0
2000389500,0,88
2900,0,0
1999790000,0,88
3100,0,0
2000678700,0,88
3000,0,0
2004077100,0,88
