4058105,0,0,0
2004270089,140625000,15625000,156250000
4004590632,140625000,15625000,156250000
6005120791,140625000,15625000,156250000
8005248693,140625000,15625000,156250000
10005296064,140625000,15625000,156250000
2901861,0,0,0
2003379518,156250000,0,156250000
4003473865,156250000,0,156250000
6004514050,156250000,0,156250000
8004753273,156250000,0,156250000
2872255,0,0,0
2031406102,109375000,15625000,125000000
1951285,0,0,0
2017829608,109375000,0,109375000
3563869,0,0,0
2003617556,156250000,0,156250000
4004109423,156250000,0,156250000
6004127582,156250000,0,156250000
8009727215,156250000,0,156250000
10010183554,156250000,0,156250000
12010238820,156250000,0,156250000
14010232899,156250000,0,156250000
16010475675,156250000,0,156250000
18010997149,156250000,0,156250000
20011539545,156250000,0,156250000
4141399,0,0,0
2012267478,140625000,0,140625000
4012538281,140625000,0,140625000
6012555651,140625000,0,140625000
8013004885,140625000,0,140625000
3081081,0,0,0
2022797235,187500000,0,187500000
4023092513,187500000,0,187500000
6023600961,187500000,0,187500000
5817539,0,0,0
2006112423,156250000,31250000,187500000
4006161767,156250000,31250000,187500000
6006509154,156250000,31250000,187500000
8006639818,156250000,31250000,187500000
10007408806,156250000,31250000,187500000
12007603026,156250000,31250000,187500000
14007715137,156250000,31250000,187500000
16008120553,156250000,31250000,187500000
18008514916,156250000,31250000,187500000
20009261007,156250000,31250000,187500000
2912125,0,0,0
2003215693,156250000,31250000,187500000
4003540184,156250000,31250000,187500000
3040421,0,0,0
2031445577,156250000,15625000,171875000
2871465,0,0,0
2014200605,140625000,0,140625000
4014527069,140625000,0,140625000
6015382903,140625000,0,140625000
2858042,0,0,0
2005329618,125000000,31250000,156250000
3905334,0,0,0
2004071132,156250000,15625000,171875000
4133898,15625000,0,15625000
2013332928,187500000,0,187500000
2912915,0,0,0
2003373596,125000000,0,125000000
3156479,0,0,0
2030768963,171875000,0,171875000
4031160563,171875000,0,171875000
6031216618,171875000,0,171875000
8031239909,171875000,0,171875000
10031685985,171875000,0,171875000
12031792174,171875000,0,171875000
14031953630,171875000,0,171875000
3065686,0,0,0
2003463996,140625000,0,140625000
4003679928,140625000,0,140625000
6004035999,140625000,0,140625000
8004763932,140625000,0,140625000
3077528,0,0,0
2003888359,187500000,15625000,203125000
4003938493,187500000,15625000,203125000
3435968,0,0,0
2003919546,156250000,15625000,171875000
2970944,0,0,0
2020929638,156250000,0,156250000
4021563618,156250000,0,156250000
6021733364,156250000,0,156250000
2897518,0,0,0
3757300,0,0,0
3525972,0,0,0
2003728877,140625000,31250000,171875000
4004343119,140625000,31250000,171875000
6004417334,140625000,31250000,171875000
8004734324,140625000,31250000,171875000
4237325,0,0,0
2028507794,156250000,0,156250000
4028512531,156250000,0,156250000
6028762412,156250000,0,156250000
8029612719,156250000,0,156250000
3038052,15625000,0,15625000
3167927,0,0,0
2028039217,187500000,15625000,203125000
4028289493,187500000,15625000,203125000
6028323047,187500000,15625000,203125000
3036473,15625000,0,15625000
2032622744,187500000,0,187500000
4033090531,187500000,0,187500000
6033880046,187500000,0,187500000
8033908074,187500000,0,187500000
3053053,0,0,0
2036714404,125000000,0,125000000
4105476,0,0,0
2004568921,156250000,15625000,171875000
4004597344,156250000,15625000,171875000
3086213,0,0,0
2037489707,171875000,0,171875000
4037517340,171875000,0,171875000
6037866306,171875000,0,171875000
8038716218,171875000,0,171875000
10038788459,171875000,0,171875000
12038799512,171875000,0,171875000
14038823592,171875000,0,171875000
2802382,0,0,0
2003271354,156250000,0,156250000
4003557948,156250000,0,156250000
6003611240,156250000,0,156250000
8004263379,156250000,0,156250000
10004628924,156250000,0,156250000
12004883938,156250000,0,156250000
14004931703,156250000,0,156250000
3057790,0,0,0
2013383063,156250000,15625000,171875000
4013400432,156250000,15625000,171875000
6013564651,156250000,15625000,171875000
8013551229,156250000,15625000,171875000
3271749,0,0,0
2003999681,93750000,46875000,140625000
4004991706,93750000,46875000,140625000
6005012629,93750000,46875000,140625000
8005269616,93750000,46875000,140625000
10005621344,93750000,46875000,140625000
12006523365,93750000,46875000,140625000
14006805221,93750000,46875000,140625000
16007222480,93750000,46875000,140625000
18007435649,93750000,46875000,140625000
20007507495,93750000,46875000,140625000
3060949,0,0,0
2003478602,171875000,31250000,203125000
4003630978,171875000,31250000,203125000
6003808619,171875000,31250000,203125000
8004195481,171875000,31250000,203125000
10004503392,171875000,31250000,203125000
12004541683,171875000,31250000,203125000
14004630898,171875000,31250000,203125000
16004959731,171875000,31250000,203125000
18005720823,171875000,31250000,203125000
20005774905,171875000,31250000,203125000
2763,0,0,0
2000496210,31250000,0,31250000
4000669509,31250000,0,31250000
6000670298,31250000,0,31250000
3337673,0,0,0
2032757356,125000000,15625000,140625000
2979233,15625000,0,15625000
2003867832,187500000,0,187500000
4003897044,187500000,0,187500000
3480181,0,0,0
2004090081,125000000,15625000,140625000
4004109029,125000000,15625000,140625000
6004186402,125000000,15625000,140625000
8004204955,125000000,15625000,140625000
3389386,0,0,0
2003718614,156250000,0,156250000
4004093238,156250000,0,156250000
6004332067,156250000,0,156250000
8004405097,156250000,0,156250000
10004463915,156250000,0,156250000
12004447730,156250000,0,156250000
14004478916,156250000,0,156250000
16004854725,156250000,0,156250000
18005054867,156250000,0,156250000
20004982627,156250000,0,156250000
1260461,0,0,0
2001978919,125000000,31250000,156250000
3325041,0,0,0
2004000076,156250000,15625000,171875000
4004069159,156250000,15625000,171875000
6004264564,156250000,15625000,171875000
8004291802,156250000,15625000,171875000
2936599,0,0,0
2003168717,156250000,0,156250000
4003381491,156250000,0,156250000
6003568606,156250000,0,156250000
8003876122,156250000,0,156250000
10004060079,156250000,0,156250000
12004366805,156250000,0,156250000
2999761,0,0,0
2038223956,140625000,31250000,171875000
4038273300,140625000,31250000,171875000
6038670031,140625000,31250000,171875000
3047527,0,0,0
2029326521,140625000,15625000,156250000
4029648248,140625000,15625000,156250000
6030311440,140625000,15625000,156250000
2954363,0,0,0
2014952222,140625000,15625000,156250000
2971733,15625000,0,15625000
2011494148,187500000,0,187500000
3518867,0,0,0
2033819253,156250000,15625000,171875000
4034609163,156250000,15625000,171875000
6034770618,156250000,15625000,171875000
8035337884,156250000,15625000,171875000
10035726326,156250000,15625000,171875000
3603739,0,0,0
2023302524,125000000,0,125000000
3390176,0,0,0
2003918756,140625000,0,140625000
4004493128,140625000,0,140625000
2750274,0,0,0
2003053843,140625000,15625000,156250000
3674796,0,0,0
2004334435,140625000,31250000,171875000
4004760378,140625000,31250000,171875000
6004807355,140625000,31250000,171875000
8005313433,140625000,31250000,171875000
10117629,0,0,0
3064107,15625000,0,15625000
2012906196,140625000,15625000,156250000
4013157261,140625000,15625000,156250000
6013218054,140625000,15625000,156250000
8013570967,140625000,15625000,156250000
10014190341,140625000,15625000,156250000
12014327322,140625000,15625000,156250000
14014661287,140625000,15625000,156250000
16014833006,140625000,15625000,156250000
18015133022,140625000,15625000,156250000
3002524,0,0,0
2030892127,156250000,0,156250000
4031053978,156250000,0,156250000
3388596,0,0,0
2030529740,93750000,31250000,125000000
2983576,0,0,0
2003448994,109375000,31250000,140625000
4003486891,109375000,31250000,140625000
6003587160,109375000,31250000,140625000
8003649136,109375000,31250000,140625000
10003847305,109375000,31250000,140625000
12004224298,109375000,31250000,140625000
14004622213,109375000,31250000,140625000
16004807354,109375000,31250000,140625000
4648662,0,0,0
2005025261,156250000,0,156250000
2891203,0,0,0
2004032841,187500000,0,187500000
4004259827,187500000,0,187500000
6004326146,187500000,0,187500000
8004768669,187500000,0,187500000
10005204086,187500000,0,187500000
12005586606,187500000,0,187500000
14005823065,187500000,0,187500000
16005902806,187500000,0,187500000
18006421518,187500000,0,187500000
20006457835,187500000,0,187500000
3745852,15625000,0,15625000
2004197849,171875000,31250000,203125000
4004525498,171875000,31250000,203125000
6004746562,171875000,31250000,203125000
8005618581,171875000,31250000,203125000
2763,0,0,0
2000135796,15625000,0,15625000
4000610295,15625000,0,15625000
6000908731,15625000,0,15625000
8001000710,15625000,0,15625000
10001025185,15625000,0,15625000
12001125453,15625000,0,15625000
14001137690,15625000,0,15625000
16001151112,15625000,0,15625000
18001149138,15625000,0,15625000
20001672192,15625000,0,15625000
2880939,0,0,0
2003443468,125000000,0,125000000
4003541368,125000000,0,125000000
6003572949,125000000,0,125000000
8003627820,125000000,0,125000000
10003649137,125000000,0,125000000
3206613,0,0,0
2004167058,125000000,15625000,140625000
3165954,0,0,0
2003477812,109375000,31250000,140625000
4003941652,109375000,31250000,140625000
3385439,0,0,0
2003672822,171875000,15625000,187500000
3375965,0,0,0
2003656242,171875000,15625000,187500000
2556054,0,0,0
2002753433,140625000,0,140625000
4003178192,140625000,0,140625000
2845016,0,0,0
2002819751,140625000,15625000,156250000
4003280828,140625000,15625000,156250000
6003923493,140625000,15625000,156250000
8003982706,140625000,15625000,156250000
10004284696,140625000,15625000,156250000
12004345488,140625000,15625000,156250000
14004358910,140625000,15625000,156250000
16004746562,140625000,15625000,156250000
18004793538,140625000,15625000,156250000
20005296064,140625000,15625000,156250000
4289433,0,0,0
2032702090,109375000,15625000,125000000
4033118164,109375000,15625000,125000000
6033162377,109375000,15625000,125000000
8033565424,109375000,15625000,125000000
10033570556,109375000,15625000,125000000
12033672404,109375000,15625000,125000000
14033680299,109375000,15625000,125000000
4651425,0,0,0
2004696822,187500000,0,187500000
4004721297,187500000,0,187500000
6004761563,187500000,0,187500000
2850148,0,0,0
2003176612,109375000,62500000,171875000
4003362148,109375000,62500000,171875000
6003939283,109375000,62500000,171875000
4940783,0,0,0
2016589676,140625000,31250000,171875000
2905414,0,0,0
2032011660,156250000,15625000,171875000
4032623928,156250000,15625000,171875000
3049105,0,0,0
2015845953,109375000,15625000,125000000
4015830952,109375000,15625000,125000000
6015930431,109375000,15625000,125000000
8016475196,109375000,15625000,125000000
10016967458,109375000,15625000,125000000
12016964300,109375000,15625000,125000000
14017030619,109375000,15625000,125000000
16017099702,109375000,15625000,125000000
18017183390,109375000,15625000,125000000
20017154178,109375000,15625000,125000000
3371228,0,0,0
2003669270,125000000,15625000,140625000
2763,0,0,0
2000548318,15625000,0,15625000
4000588189,15625000,0,15625000
6000709379,15625000,0,15625000
8001019264,15625000,0,15625000
10001185456,15625000,0,15625000
12001479551,15625000,0,15625000
4240483,0,0,0
2020208022,140625000,31250000,171875000
2857648,15625000,0,15625000
2036829673,156250000,0,156250000
4037272590,156250000,0,156250000
3401623,0,0,0
2003837830,156250000,0,156250000
4003902965,156250000,0,156250000
6004608002,156250000,0,156250000
8004602870,156250000,0,156250000
10004618265,156250000,0,156250000
12005589368,156250000,0,156250000
14006009390,156250000,0,156250000
16006267956,156250000,0,156250000
18006333091,156250000,0,156250000
20006385594,156250000,0,156250000
5138161,0,0,0
2005594895,156250000,15625000,171875000
4005999916,156250000,15625000,171875000
6006286905,156250000,15625000,171875000
8006413622,156250000,15625000,171875000
10006631923,156250000,15625000,171875000
12006787852,156250000,15625000,171875000
14007042865,156250000,15625000,171875000
16007041681,156250000,15625000,171875000
18007044049,156250000,15625000,171875000
20007541444,156250000,15625000,171875000
3158,0,0,0
2000068688,31250000,0,31250000
4000731486,31250000,0,31250000
6000960050,31250000,0,31250000
8001781540,31250000,0,31250000
10002277750,31250000,0,31250000
12002291566,31250000,0,31250000
14002874623,31250000,0,31250000
16003384649,31250000,0,31250000
18003765195,31250000,0,31250000
20003875727,31250000,0,31250000
22004123635,31250000,0,31250000
2763,0,0,0
1999975525,0,31250000,31250000
4000077372,0,31250000,31250000
6000208432,0,31250000,31250000
8000273172,0,31250000,31250000
10000748460,0,31250000,31250000
12001184272,0,31250000,31250000
14002080766,0,31250000,31250000
16002700140,0,31250000,31250000
18004060474,0,31250000,31250000
20004555499,0,31250000,31250000
3784144,0,0,0
2004710245,171875000,0,171875000
4009812483,171875000,0,171875000
6009962096,171875000,0,171875000
8009996045,171875000,0,171875000
10010290139,171875000,0,171875000
12011147157,171875000,0,171875000
14011164527,171875000,0,171875000
16011196897,171875000,0,171875000
18011586127,171875000,0,171875000
20011817060,171875000,0,171875000
22011821797,171875000,0,171875000
3947,0,0,0
2000819911,31250000,0,31250000
4000890572,31250000,0,31250000
6000936759,31250000,0,31250000
3378333,0,0,0
2010302771,156250000,0,156250000
4015055649,156250000,0,156250000
6015046964,156250000,0,156250000
8027623932,156250000,0,156250000
10027640512,156250000,0,156250000
12042852090,156250000,0,156250000
14045396301,156250000,0,156250000
16051445956,156250000,0,156250000
18053280394,156250000,0,156250000
20060993162,156250000,0,156250000
4427203,0,0,0
2013828743,109375000,15625000,125000000
4024846025,109375000,15625000,125000000
6026735728,109375000,15625000,125000000
8039033602,109375000,15625000,125000000
10040814352,109375000,15625000,125000000
6648897,0,0,0
2011588890,156250000,0,156250000
4023060538,156250000,0,156250000
6030580664,156250000,0,156250000
8033173430,156250000,0,156250000
10047008095,156250000,0,156250000
12061775571,156250000,0,156250000
14069204904,156250000,0,156250000
16076714767,156250000,0,156250000
18080048492,156250000,0,156250000
20082064123,156250000,0,156250000
2979629,0,0,0
2037199955,156250000,0,156250000
4044137815,156250000,0,156250000
6057424556,156250000,0,156250000
8059066352,156250000,0,156250000
10066366994,156250000,0,156250000
12072828381,156250000,0,156250000
14073799879,156250000,0,156250000
16083049043,156250000,0,156250000
18095704567,156250000,0,156250000
20099070268,156250000,0,156250000
3248458,0,0,0
2053174204,140625000,15625000,156250000
4053709100,140625000,15625000,156250000
6061498452,140625000,15625000,156250000
8062872997,140625000,15625000,156250000
10072610475,140625000,15625000,156250000
12076159343,140625000,15625000,156250000
14084991248,140625000,15625000,156250000
16100118743,140625000,15625000,156250000
18109120789,140625000,15625000,156250000
20116654732,140625000,15625000,156250000
3471101,0,0,0
2003418203,109375000,31250000,140625000
4008648343,109375000,31250000,140625000
6020842002,109375000,31250000,140625000
8034876808,109375000,31250000,140625000
10034852728,109375000,31250000,140625000
12035568028,109375000,31250000,140625000
14037819329,109375000,31250000,140625000
16053214469,109375000,31250000,140625000
18061569508,109375000,31250000,140625000
20065360757,109375000,31250000,140625000
3514919,0,0,0
2054128727,125000000,31250000,156250000
4063831072,125000000,31250000,156250000
6065834070,125000000,31250000,156250000
8069005156,125000000,31250000,156250000
10074110157,125000000,31250000,156250000
12088260628,125000000,31250000,156250000
14102427283,125000000,31250000,156250000
16102862306,125000000,31250000,156250000
18107755323,125000000,31250000,156250000
20116734078,125000000,31250000,156250000
22121779471,125000000,31250000,156250000
4062053,0,0,0
2080304689,140625000,31250000,171875000
4080287320,140625000,31250000,171875000
6090804444,140625000,31250000,171875000
8104337120,140625000,31250000,171875000
3930598,0,0,0
4581948,0,0,0
2018658204,125000000,15625000,140625000
4019770236,125000000,15625000,140625000
6029022952,125000000,15625000,140625000
8032228776,125000000,15625000,140625000
10035658823,125000000,15625000,140625000
12047070862,125000000,15625000,140625000
14048151707,125000000,15625000,140625000
16048241712,125000000,15625000,140625000
18051864400,125000000,15625000,140625000
20054778893,125000000,15625000,140625000
3691375,0,0,0
3479390,0,0,0
2005966361,171875000,0,171875000
4008583602,171875000,0,171875000
6008563470,171875000,0,171875000
8010050521,171875000,0,171875000
10017588017,171875000,0,171875000
12020767787,171875000,0,171875000
14030731461,171875000,0,171875000
16039493100,171875000,0,171875000
18041507546,171875000,0,171875000
20044008334,171875000,0,171875000
22050806844,171875000,0,171875000
4357331,0,0,0
2015601598,156250000,15625000,171875000
3462811,0,0,0
2044174133,156250000,0,156250000
3988628,0,0,0
2012756977,140625000,0,140625000
4016519409,140625000,0,140625000
6023179360,140625000,0,140625000
8031959157,140625000,0,140625000
10037320751,140625000,0,140625000
12045919355,140625000,0,140625000
14047394168,140625000,0,140625000
16056269496,140625000,0,140625000
5404622,0,0,0
2014050202,187500000,15625000,203125000
4022012062,187500000,15625000,203125000
6025410133,187500000,15625000,203125000
3537025,0,0,0
2054546775,171875000,15625000,187500000
4504576,0,0,0
2012796453,156250000,15625000,171875000
4015321321,156250000,15625000,171875000
6024842472,156250000,15625000,171875000
8036100161,156250000,15625000,171875000
10045675394,156250000,15625000,171875000
12054935611,156250000,15625000,171875000
14062969712,156250000,15625000,171875000
16070734193,156250000,15625000,171875000
18079009886,156250000,15625000,171875000
3422545,0,0,0
2044603233,140625000,46875000,187500000
4046816637,140625000,46875000,187500000
6052703258,140625000,46875000,187500000
8059099116,140625000,46875000,187500000
10059542034,140625000,46875000,187500000
12069505708,140625000,46875000,187500000
14076869511,140625000,46875000,187500000
16083314319,140625000,46875000,187500000
18092880473,140625000,46875000,187500000
20100123480,140625000,46875000,187500000
1193746,0,0,0
2060639459,156250000,31250000,187500000
4071455810,156250000,31250000,187500000
6078559862,156250000,31250000,187500000
8078851983,156250000,31250000,187500000
10082822057,156250000,31250000,187500000
12093506558,156250000,31250000,187500000
14094245544,156250000,31250000,187500000
16105025971,156250000,31250000,187500000
18117911244,156250000,31250000,187500000
3951521,0,0,0
2065232066,156250000,31250000,187500000
4071595949,156250000,31250000,187500000
6077854431,156250000,31250000,187500000
8085503644,156250000,31250000,187500000
10086141177,156250000,31250000,187500000
12089869659,156250000,31250000,187500000
14096593561,156250000,31250000,187500000
16107441491,156250000,31250000,187500000
18110290060,156250000,31250000,187500000
3533472,0,0,0
2087561513,156250000,15625000,171875000
4099806884,156250000,15625000,171875000
6110038599,156250000,15625000,171875000
8118195074,156250000,15625000,171875000
10132036845,156250000,15625000,171875000
12144206028,156250000,15625000,171875000
14152889110,156250000,15625000,171875000
16152922664,156250000,15625000,171875000
18159557745,156250000,15625000,171875000
20171306117,156250000,15625000,171875000
3737167,0,0,0
2079745713,140625000,0,140625000
4082534279,140625000,0,140625000
6092679541,140625000,0,140625000
8093009953,140625000,0,140625000
4768668,15625000,0,15625000
2010767795,140625000,15625000,156250000
4726035,0,0,0
2060229307,171875000,0,171875000
4066613322,171875000,0,171875000
5217903,0,0,0
2013455698,156250000,15625000,171875000
3449784,0,0,0
2018942824,93750000,46875000,140625000
4022228784,93750000,46875000,140625000
3823619,0,0,0
2012704475,125000000,0,125000000
3484128,0,15625000,15625000
2018698865,109375000,62500000,171875000
4033501869,109375000,62500000,171875000
6045298401,109375000,62500000,171875000
8045385643,109375000,62500000,171875000
10052492853,109375000,62500000,171875000
12060631960,109375000,62500000,171875000
14063992134,109375000,62500000,171875000
16072137161,109375000,62500000,171875000
18072175058,109375000,62500000,171875000
4971179,0,0,0
2018316345,156250000,15625000,171875000
4018308055,156250000,15625000,171875000
4883148,0,0,0
2013807031,125000000,31250000,156250000
4026217411,125000000,31250000,156250000
3394123,0,0,0
2014530622,140625000,46875000,187500000
4015646206,140625000,46875000,187500000
6026894421,140625000,46875000,187500000
3860727,0,0,0
2005835303,187500000,31250000,218750000
4017126546,187500000,31250000,218750000
6025785153,187500000,31250000,218750000
8034594162,187500000,31250000,218750000
10039932860,187500000,31250000,218750000
4309566,0,0,0
2045153526,140625000,0,140625000
4060252203,140625000,0,140625000
6070710508,140625000,0,140625000
8086028276,140625000,0,140625000
10097171091,140625000,0,140625000
12107132397,140625000,0,140625000
14107447413,140625000,0,140625000
16122460823,140625000,0,140625000
18126559983,140625000,0,140625000
3499919,0,0,0
2009276797,156250000,0,156250000
4014880377,156250000,0,156250000
6026076089,156250000,0,156250000
8037477864,156250000,0,156250000
10051532804,156250000,0,156250000
3948,0,0,0
12062359418,156250000,0,156250000
2006656003,31250000,0,31250000
14070537210,156250000,0,156250000
4006970230,31250000,0,31250000
16070585370,156250000,0,156250000
6015268423,31250000,0,31250000
18086973325,156250000,0,156250000
8040153134,31250000,0,31250000
10051661099,31250000,0,31250000
12061217384,31250000,0,31250000
14073650660,31250000,0,31250000
16084636756,31250000,0,31250000
18085072174,31250000,0,31250000
20099508843,31250000,0,31250000
2783434,0,0,0
2010580680,171875000,0,171875000
4016172812,171875000,0,171875000
6025189069,171875000,0,171875000
8035033526,171875000,0,171875000
10044485595,171875000,0,171875000
12046139234,171875000,0,171875000
14052736813,171875000,0,171875000
16055708151,171875000,0,171875000
18066323570,171875000,0,171875000
2763,0,0,0
2013906510,31250000,15625000,46875000
4022968559,31250000,15625000,46875000
6028659380,31250000,15625000,46875000
8039653371,31250000,15625000,46875000
10046463330,31250000,15625000,46875000
12060989609,31250000,15625000,46875000
14070558526,31250000,15625000,46875000
16075562865,31250000,15625000,46875000
18080654839,31250000,15625000,46875000
3158,0,0,0
2045235634,78125000,0,78125000
4048166313,78125000,0,78125000
6058638040,78125000,0,78125000
8064034372,78125000,0,78125000
2816593,0,0,0
2007732111,171875000,0,171875000
4007771982,171875000,0,171875000
6008261875,171875000,0,171875000
8036069764,171875000,0,171875000
10035956864,171875000,0,171875000
12036050421,171875000,0,171875000
14036065422,171875000,0,171875000
16036430178,171875000,0,171875000
18036967837,171875000,0,171875000
20037013234,171875000,0,171875000
2369,0,0,0
2000285015,46875000,0,46875000
4000411337,46875000,0,46875000
6000472525,46875000,0,46875000
8000743723,46875000,0,46875000
10001589688,46875000,0,46875000
12001914573,46875000,0,46875000
14002170376,46875000,0,46875000
16002742774,46875000,0,46875000
18002794882,46875000,0,46875000
20002774749,46875000,0,46875000
3158,0,0,0
2000083294,46875000,15625000,62500000
4000361598,46875000,15625000,62500000
6000408179,46875000,15625000,62500000
8000428707,46875000,15625000,62500000
10000836491,46875000,15625000,62500000
12000904784,46875000,15625000,62500000
14001073740,46875000,15625000,62500000
16001853386,46875000,15625000,62500000
18001843517,46875000,15625000,62500000
20002037343,46875000,15625000,62500000
3158,0,0,0
2000277909,0,31250000,31250000
4000357650,0,31250000,31250000
6000381730,0,31250000,31250000
8000651744,0,31250000,31250000
10000929653,0,31250000,31250000
12000963997,0,31250000,31250000
14000997156,0,31250000,31250000
16001042159,0,31250000,31250000
18001066239,0,31250000,31250000
20001076897,0,31250000,31250000
3158,0,0,0
2000197379,31250000,0,31250000
4000203300,31250000,0,31250000
6001121506,31250000,0,31250000
8001378888,31250000,0,31250000
10001714431,31250000,0,31250000
12002543027,31250000,0,31250000
14002915283,31250000,0,31250000
16003809408,31250000,0,31250000
18004114556,31250000,0,31250000
20004384175,31250000,0,31250000
3158,0,0,0
1999860256,15625000,0,15625000
4000133428,15625000,0,15625000
6000152771,15625000,0,15625000
8000195010,15625000,0,15625000
10000347386,15625000,0,15625000
12000388836,15625000,0,15625000
14000453971,15625000,0,15625000
16000993999,15625000,0,15625000
18001466918,15625000,0,15625000
20001732984,15625000,0,15625000
3948,0,0,0
2000737012,15625000,15625000,31250000
4001064661,15625000,15625000,31250000
6001685614,15625000,15625000,31250000
8002601846,15625000,15625000,31250000
10003458864,15625000,15625000,31250000
12003820067,15625000,15625000,31250000
14004426414,15625000,15625000,31250000
16004688138,15625000,15625000,31250000
18005103817,15625000,15625000,31250000
20005384490,15625000,15625000,31250000
5527,0,0,0
2000300016,15625000,0,15625000
4000919785,15625000,0,15625000
6001264013,15625000,0,15625000
8001420732,15625000,0,15625000
10001821016,15625000,0,15625000
12001854965,15625000,0,15625000
14001961549,15625000,0,15625000
16002937389,15625000,0,15625000
18002998971,15625000,0,15625000
20003243721,15625000,0,15625000
2763,15625000,0,15625000
2000747670,46875000,0,46875000
4000796620,46875000,0,46875000
6000770961,46875000,0,46875000
8000807673,46875000,0,46875000
10001578239,46875000,0,46875000
12001592845,46875000,0,46875000
14001603504,46875000,0,46875000
16001932732,46875000,0,46875000
18001928389,46875000,0,46875000
20002269854,46875000,0,46875000
3553,0,0,0
2000039870,0,15625000,15625000
4000420811,0,15625000,15625000
6000624506,0,15625000,15625000
8001110452,0,15625000,15625000
10001140454,0,15625000,15625000
12001177955,0,15625000,15625000
14001211115,0,15625000,15625000
16001777197,0,15625000,15625000
18002345648,0,15625000,15625000
20002488550,0,15625000,15625000
4342,0,0,0
2000217511,31250000,0,31250000
4000260145,31250000,0,31250000
6001078871,31250000,0,31250000
8001558896,31250000,0,31250000
10001593635,31250000,0,31250000
12001685219,31250000,0,31250000
14001758643,31250000,0,31250000
16002542237,31250000,0,31250000
18002560790,31250000,0,31250000
20003062132,31250000,0,31250000
3158,0,0,0
2000187904,15625000,15625000,31250000
4007983572,15625000,15625000,31250000
6010255400,15625000,15625000,31250000
8010645815,15625000,15625000,31250000
10010952541,15625000,15625000,31250000
12011345720,15625000,15625000,31250000
14011544283,15625000,15625000,31250000
16012089048,15625000,15625000,31250000
18012592363,15625000,15625000,31250000
20012875404,15625000,15625000,31250000
3158,0,0,0
2000527790,15625000,15625000,31250000
4000837280,15625000,15625000,31250000
6000927679,15625000,15625000,31250000
8001466128,15625000,15625000,31250000
10001875886,15625000,15625000,31250000
12002017999,15625000,15625000,31250000
14002057475,15625000,15625000,31250000
16002330647,15625000,15625000,31250000
18002702903,15625000,15625000,31250000
20003632556,15625000,15625000,31250000
2763,0,0,0
2000429496,0,15625000,15625000
4005835303,0,15625000,15625000
6005917412,0,15625000,15625000
8005940308,0,15625000,15625000
10006198479,0,15625000,15625000
12006407306,0,15625000,15625000
14007228796,0,15625000,15625000
16007352355,0,15625000,15625000
18007657108,0,15625000,15625000
20008230295,0,15625000,15625000
4737,0,0,0
2004893411,15625000,15625000,31250000
4008550048,15625000,15625000,31250000
6018229497,15625000,15625000,31250000
8029176907,15625000,15625000,31250000
10040452755,15625000,15625000,31250000
12052092174,15625000,15625000,31250000
14058718175,15625000,15625000,31250000
16071062631,15625000,15625000,31250000
18070940651,15625000,15625000,31250000
20071346462,15625000,15625000,31250000
2764,15625000,0,15625000
1999743013,31250000,0,31250000
4000239223,31250000,0,31250000
6000624506,31250000,0,31250000
8001173614,31250000,0,31250000
10002120242,31250000,0,31250000
12003062527,31250000,0,31250000
14003156480,31250000,0,31250000
16003467943,31250000,0,31250000
18003807040,31250000,0,31250000
20003873754,31250000,0,31250000
22004060474,31250000,0,31250000
2763,0,0,0
2000259750,0,0,0
4000508053,0,0,0
6001429021,0,0,0
8001752328,0,0,0
10002104056,0,0,0
12002467628,0,0,0
14002949232,0,0,0
16003457679,0,0,0
18003874543,0,0,0
20003947178,0,0,0
3158,0,0,0
2000173693,15625000,15625000,31250000
4001107294,15625000,15625000,31250000
6001538369,15625000,15625000,31250000
8002161296,15625000,15625000,31250000
10002202746,15625000,15625000,31250000
12002494471,15625000,15625000,31250000
14002539868,15625000,15625000,31250000
16003443468,15625000,15625000,31250000
18003479391,15625000,15625000,31250000
20003542552,15625000,15625000,31250000
2764,0,0,0
2000088426,31250000,0,31250000
4000373441,31250000,0,31250000
6000910311,31250000,0,31250000
8001250592,31250000,0,31250000
10002103267,31250000,0,31250000
12002354728,31250000,0,31250000
14009671554,31250000,0,31250000
16010210003,31250000,0,31250000
18010579891,31250000,0,31250000
20010769374,31250000,0,31250000
2763,0,0,0
1999810121,0,0,0
4000317779,0,0,0
6000358044,0,0,0
8000999525,0,0,0
10001250591,0,0,0
12001504025,0,0,0
14001605478,0,0,0
16002465259,0,0,0
18002484602,0,0,0
20002616846,0,0,0
3158,0,0,0
2000246723,15625000,0,15625000
4000636349,15625000,0,15625000
6001569950,15625000,0,15625000
8002424600,15625000,0,15625000
10002769223,15625000,0,15625000
12002856464,15625000,0,15625000
14003191218,15625000,0,15625000
16003992970,15625000,0,15625000
18004403518,15625000,0,15625000
20004717350,15625000,0,15625000
3158,0,0,0
2000740959,15625000,15625000,31250000
4001434548,15625000,15625000,31250000
6001973787,15625000,15625000,31250000
8002875412,15625000,15625000,31250000
10003030157,15625000,15625000,31250000
12004011919,15625000,15625000,31250000
14004865384,15625000,15625000,31250000
16005281063,15625000,15625000,31250000
18005305538,15625000,15625000,31250000
20005753193,15625000,15625000,31250000
4737,0,0,0
2000147244,15625000,0,15625000
4000531343,15625000,0,15625000
6001260460,15625000,0,15625000
8001277040,15625000,0,15625000
10001806804,15625000,0,15625000
12001869965,15625000,0,15625000
14002802777,15625000,0,15625000
16003442678,15625000,0,15625000
18003545315,15625000,0,15625000
20003615187,15625000,0,15625000
3158,0,0,0
1999893021,0,0,0
4000056451,0,0,0
6000054082,0,0,0
8001034659,0,0,0
10001166508,0,0,0
12001605478,0,0,0
14001737327,0,0,0
16001742854,0,0,0
18001774435,0,0,0
20002671323,0,0,0
22002880939,0,0,0
2764,0,0,0
2000747671,15625000,0,15625000
4001604689,15625000,0,15625000
6001661929,15625000,0,15625000
8001697851,15625000,0,15625000
10002370518,15625000,0,15625000
12002525658,15625000,0,15625000
14003303329,15625000,0,15625000
16003355043,15625000,0,15625000
18004312329,15625000,0,15625000
20004696033,15625000,0,15625000
1385203,0,0,0
2003247273,203125000,15625000,218750000
4003988628,203125000,15625000,218750000
6004043499,203125000,15625000,218750000
8004070737,203125000,15625000,218750000
10004333646,203125000,15625000,218750000
12004688138,203125000,15625000,218750000
14005186716,203125000,15625000,218750000
16005900437,203125000,15625000,218750000
18005940308,203125000,15625000,218750000
20005980573,203125000,15625000,218750000
22012332613,203125000,15625000,218750000
3553,0,0,0
2001267566,46875000,15625000,62500000
4001805620,46875000,15625000,62500000
6002013262,46875000,15625000,62500000
8002040895,46875000,15625000,62500000
10002263538,46875000,15625000,62500000
12002309725,46875000,15625000,62500000
14002384729,46875000,15625000,62500000
16002412757,46875000,15625000,62500000
18002684744,46875000,15625000,62500000
20002921994,46875000,15625000,62500000
3553,0,0,0
2000310674,31250000,0,31250000
4000597663,31250000,0,31250000
6005855830,31250000,0,31250000
8006258877,31250000,0,31250000
10006252166,31250000,0,31250000
12006731402,31250000,0,31250000
14007780666,31250000,0,31250000
16007842643,31250000,0,31250000
18008292272,31250000,0,31250000
20008989808,31250000,0,31250000
3553,0,0,0
2000295278,31250000,31250000,62500000
4000367124,31250000,31250000,62500000
6000367519,31250000,31250000,62500000
8000400284,31250000,31250000,62500000
10000417653,31250000,31250000,62500000
12000936364,31250000,31250000,62500000
14001065845,31250000,31250000,62500000
16001178350,31250000,31250000,62500000
18001722326,31250000,31250000,62500000
20001729432,31250000,31250000,62500000
2869097,0,0,0
2002963049,218750000,46875000,265625000
4003047132,218750000,46875000,265625000
6003488076,218750000,46875000,265625000
8004446152,218750000,46875000,265625000
3553,0,0,0
2000474103,0,15625000,15625000
4000508447,0,15625000,15625000
6000680167,0,15625000,15625000
8027485767,0,15625000,15625000
10028164749,0,15625000,15625000
12030091560,0,15625000,15625000
14030380522,0,15625000,15625000
16031196880,0,15625000,15625000
18031616902,0,15625000,15625000
20032206669,0,15625000,15625000
2368,0,0,0
2000855439,31250000,0,31250000
4001399020,31250000,0,31250000
6002038132,31250000,0,31250000
8002055501,31250000,0,31250000
10002927915,31250000,0,31250000
12002900676,31250000,0,31250000
14003335304,31250000,0,31250000
16003308461,31250000,0,31250000
18003426098,31250000,0,31250000
20003620714,31250000,0,31250000
3610845,0,0,0
2003686244,187500000,31250000,218750000
4004411808,187500000,31250000,218750000
6004933677,187500000,31250000,218750000
8004981048,187500000,31250000,218750000
10005450020,187500000,31250000,218750000
12005847935,187500000,31250000,218750000
14005956493,187500000,31250000,218750000
16006331118,187500000,31250000,218750000
18006508364,187500000,31250000,218750000
20006913780,187500000,31250000,218750000
3158,0,0,0
2000252249,46875000,0,46875000
4000246328,46875000,0,46875000
6000308700,46875000,0,46875000
8019671940,46875000,0,46875000
10022295892,46875000,0,46875000
12022480639,46875000,0,46875000
14023373974,46875000,0,46875000
16023964137,46875000,0,46875000
18024239677,46875000,0,46875000
20024384553,46875000,0,46875000
3158,0,0,0
1999725249,15625000,15625000,31250000
4000219090,15625000,15625000,31250000
6000371071,15625000,15625000,31250000
8000791093,15625000,15625000,31250000
10006522575,15625000,15625000,31250000
12006670609,15625000,15625000,31250000
14006873514,15625000,15625000,31250000
16007316037,15625000,15625000,31250000
18007488151,15625000,15625000,31250000
20008406356,15625000,15625000,31250000
22008391750,15625000,15625000,31250000
2764,0,0,0
1999943550,15625000,15625000,31250000
4000114480,15625000,15625000,31250000
6000204090,15625000,15625000,31250000
8001050055,15625000,15625000,31250000
10001116374,15625000,15625000,31250000
12001126638,15625000,15625000,31250000
14001354807,15625000,15625000,31250000
16001669824,15625000,15625000,31250000
18001870755,15625000,15625000,31250000
20002564344,15625000,15625000,31250000
3158,0,0,0
2000320938,0,15625000,15625000
4000381336,0,15625000,15625000
6001318490,0,15625000,15625000
8001791409,0,15625000,15625000
10002093793,0,15625000,15625000
12002175113,0,15625000,15625000
14002453022,0,15625000,15625000
16002819752,0,15625000,15625000
18003279644,0,15625000,15625000
20003845331,0,15625000,15625000
13225159,0,0,0
2013542149,171875000,31250000,203125000
4013642023,171875000,31250000,203125000
6014314689,171875000,31250000,203125000
8014477329,171875000,31250000,203125000
10014616284,171875000,31250000,203125000
12015056833,171875000,31250000,203125000
14015471328,171875000,31250000,203125000
16015964380,171875000,31250000,203125000
18016768106,171875000,31250000,203125000
2855674,0,0,0
2003277275,93750000,15625000,109375000
2856069,0,0,0
2003623872,109375000,15625000,125000000
4003772696,109375000,15625000,125000000
6004067579,109375000,15625000,125000000
8004773405,109375000,15625000,125000000
10005549104,109375000,15625000,125000000
12006430597,109375000,15625000,125000000
14006603500,109375000,15625000,125000000
16006916543,109375000,15625000,125000000
18029198619,109375000,15625000,125000000
20030310256,109375000,15625000,125000000
22030521846,109375000,15625000,125000000
3461232,0,0,0
2003692560,156250000,15625000,171875000
4003739141,156250000,15625000,171875000
6004576816,156250000,15625000,171875000
8005031576,156250000,15625000,171875000
10005419228,156250000,15625000,171875000
12005791089,156250000,15625000,171875000
14006194531,156250000,15625000,171875000
16006191373,156250000,15625000,171875000
18007108395,156250000,15625000,171875000
20007912120,156250000,15625000,171875000
2974102,0,0,0
2004094028,140625000,15625000,156250000
4004092844,140625000,15625000,156250000
6004457995,140625000,15625000,156250000
8004456021,140625000,15625000,156250000
10004701955,140625000,15625000,156250000
12005037104,140625000,15625000,156250000
14005460284,140625000,15625000,156250000
16005812407,140625000,15625000,156250000
18006729428,140625000,15625000,156250000
20006791800,140625000,15625000,156250000
3158,15625000,0,15625000
1999998421,62500000,0,62500000
4000806884,62500000,0,62500000
6001657586,62500000,0,62500000
8002063791,62500000,0,62500000
10002467233,62500000,0,62500000
12002690271,62500000,0,62500000
14003241352,62500000,0,62500000
16003727298,62500000,0,62500000
18003878885,62500000,0,62500000
20004711034,62500000,0,62500000
2882913,0,0,0
2003138716,140625000,46875000,187500000
4003216088,140625000,46875000,187500000
3553,0,0,0
2000243566,15625000,15625000,31250000
4000322122,15625000,15625000,31250000
6000412127,15625000,15625000,31250000
8000767014,15625000,15625000,31250000
10000889783,15625000,15625000,31250000
12000923733,15625000,15625000,31250000
14001193352,15625000,15625000,31250000
16001474419,15625000,15625000,31250000
18002014052,15625000,15625000,31250000
20002629084,15625000,15625000,31250000
3244118,0,0,0
2003516896,93750000,0,93750000
4004118111,93750000,0,93750000
6004144165,93750000,0,93750000
8004764330,93750000,0,93750000
10004788410,93750000,0,93750000
12005546739,93750000,0,93750000
14005596479,93750000,0,93750000
16006546660,93750000,0,93750000
18007269461,93750000,0,93750000
20007891205,93750000,0,93750000
3496368,15625000,0,15625000
2004221538,78125000,15625000,93750000
4004664456,78125000,15625000,93750000
6005414890,78125000,15625000,93750000
8005513975,78125000,15625000,93750000
10006055977,78125000,15625000,93750000
12006083610,78125000,15625000,93750000
14006121112,78125000,15625000,93750000
22709616,0,0,0
2022317622,62500000,31250000,93750000
4022669746,62500000,31250000,93750000
6022869098,62500000,31250000,93750000
8023062530,62500000,31250000,93750000
10023827175,62500000,31250000,93750000
12024054556,62500000,31250000,93750000
14024751303,62500000,31250000,93750000
16025448050,62500000,31250000,93750000
18025478841,62500000,31250000,93750000
20026225723,62500000,31250000,93750000
3010026,0,0,0
2002944891,78125000,31250000,109375000
4003896257,78125000,31250000,109375000
2241434,0,0,0
2001919707,78125000,31250000,109375000
4002049977,78125000,31250000,109375000
6002090637,78125000,31250000,109375000
8002907785,78125000,31250000,109375000
10002946471,78125000,31250000,109375000
12002984763,78125000,31250000,109375000
14003311622,78125000,31250000,109375000
16003374783,78125000,31250000,109375000
18004163509,78125000,31250000,109375000
2907785,15625000,0,15625000
2003944024,93750000,0,93750000
3830728,15625000,0,15625000
2004120480,93750000,15625000,109375000
4004157587,93750000,15625000,109375000
6004961709,93750000,15625000,109375000
8005249092,93750000,15625000,109375000
3173851,0,0,0
2002986736,93750000,15625000,109375000
4003037660,93750000,15625000,109375000
6003954682,93750000,15625000,109375000
8004723275,93750000,15625000,109375000
10004859072,93750000,15625000,109375000
12004862230,93750000,15625000,109375000
14004932496,93750000,15625000,109375000
16004978288,93750000,15625000,109375000
18005720433,93750000,15625000,109375000
20005750829,93750000,15625000,109375000
2708826,0,0,0
2003268987,109375000,0,109375000
4003906916,109375000,0,109375000
2702905,0,0,0
2002890810,78125000,15625000,93750000
4003222012,78125000,15625000,93750000
6003788094,78125000,15625000,93750000
8003864677,78125000,15625000,93750000
10004002842,78125000,15625000,93750000
12004073504,78125000,15625000,93750000
14004134296,78125000,15625000,93750000
16004795910,78125000,15625000,93750000
18004962498,78125000,15625000,93750000
20005537265,78125000,15625000,93750000
2092610,15625000,0,15625000
2002969762,125000000,0,125000000
3166746,0,0,0
2003605716,46875000,0,46875000
4003995737,46875000,0,46875000
6004057714,46875000,0,46875000
8004076267,46875000,0,46875000
10004787226,46875000,0,46875000
12005643455,46875000,0,46875000
14006530475,46875000,0,46875000
16006875099,46875000,0,46875000
18007307358,46875000,0,46875000
20007333412,46875000,0,46875000
2995026,0,0,0
2002569477,78125000,0,78125000
4003599400,78125000,0,78125000
3529528,0,0,0
2003642034,93750000,15625000,109375000
4003780199,93750000,15625000,109375000
6004713406,93750000,15625000,109375000
8005259751,93750000,15625000,109375000
10005784778,93750000,15625000,109375000
12006014922,93750000,15625000,109375000
14006059924,93750000,15625000,109375000
16006772462,93750000,15625000,109375000
18007080767,93750000,15625000,109375000
20007177878,93750000,15625000,109375000
4161140,0,0,0
2004457998,93750000,0,93750000
4004742618,93750000,0,93750000
6005014606,93750000,0,93750000
8005877941,93750000,0,93750000
10005927286,93750000,0,93750000
12005960445,93750000,0,93750000
14006714827,93750000,0,93750000
16006753513,93750000,0,93750000
18006961945,93750000,0,93750000
20007725407,93750000,0,93750000
2871073,15625000,0,15625000
2003110690,125000000,0,125000000
4003981526,125000000,0,125000000
6004011133,125000000,0,125000000
8004319044,125000000,0,125000000
10004381020,125000000,0,125000000
12004492342,125000000,0,125000000
14004837755,125000000,0,125000000
16005627665,125000000,0,125000000
18006453103,125000000,0,125000000
20007074846,125000000,0,125000000
4681036,0,0,0
2005605953,109375000,0,109375000
4006299147,109375000,0,109375000
6007122612,109375000,0,109375000
8007365388,109375000,0,109375000
10007870677,109375000,0,109375000
12008612822,109375000,0,109375000
14008638086,109375000,0,109375000
16008859545,109375000,0,109375000
18008898232,109375000,0,109375000
20009653008,109375000,0,109375000
3197931,0,0,0
2003165956,62500000,31250000,93750000
4003621901,62500000,31250000,93750000
6003728880,62500000,31250000,93750000
8003798358,62500000,31250000,93750000
10004217590,62500000,31250000,93750000
12004623796,62500000,31250000,93750000
14005404626,62500000,31250000,93750000
16006338623,62500000,31250000,93750000
18007048792,62500000,31250000,93750000
20007994631,62500000,31250000,93750000
3073977,0,0,0
2003125296,93750000,15625000,109375000
4003173062,93750000,15625000,109375000
6003611243,93750000,15625000,109375000
8004579188,93750000,15625000,109375000
10005000395,93750000,15625000,109375000
12005133428,93750000,15625000,109375000
14005151982,93750000,15625000,109375000
16005234881,93750000,15625000,109375000
18005269225,93750000,15625000,109375000
20005347781,93750000,15625000,109375000
4752092,0,0,0
2005384494,78125000,15625000,93750000
4005728328,78125000,15625000,93750000
3213327,0,0,0
2003669667,78125000,15625000,93750000
4003766777,78125000,15625000,93750000
6003975209,78125000,15625000,93750000
8003959024,78125000,15625000,93750000
10004818806,78125000,15625000,93750000
12005743328,78125000,15625000,93750000
14006165719,78125000,15625000,93750000
16006688378,78125000,15625000,93750000
18006847465,78125000,15625000,93750000
20007712379,78125000,15625000,93750000
4044687,15625000,0,15625000
2004589452,93750000,15625000,109375000
4005194221,93750000,15625000,109375000
6005353703,93750000,15625000,109375000
8006187826,93750000,15625000,109375000
10006393494,93750000,15625000,109375000
12007280909,93750000,15625000,109375000
14007487762,93750000,15625000,109375000
16007895942,93750000,15625000,109375000
18008035291,93750000,15625000,109375000
20008094110,93750000,15625000,109375000
2995816,0,0,0
2981604,0,0,0
2003739539,78125000,15625000,93750000
2904626,0,15625000,15625000
2882126,15625000,0,15625000
2522107,0,0,0
2003610848,78125000,31250000,109375000
4004576031,78125000,31250000,109375000
6005110532,78125000,31250000,109375000
8005662404,78125000,31250000,109375000
10005853071,78125000,31250000,109375000
12006902337,78125000,31250000,109375000
14006914180,78125000,31250000,109375000
16007507895,78125000,31250000,109375000
18007753435,78125000,31250000,109375000
20008560319,78125000,31250000,109375000
3592294,15625000,0,15625000
2896337,0,0,0
2003404785,78125000,15625000,93750000
4003710327,78125000,15625000,93750000
3190431,0,0,0
2003087400,78125000,31250000,109375000
4003151350,78125000,31250000,109375000
6003526765,78125000,31250000,109375000
2021159,0,0,0
2002005369,78125000,15625000,93750000
4002344071,78125000,15625000,93750000
6002508290,78125000,15625000,93750000
8003487289,78125000,15625000,93750000
10003505448,78125000,15625000,93750000
12003543344,78125000,15625000,93750000
14003591110,78125000,15625000,93750000
16004082978,78125000,15625000,93750000
18004975525,78125000,15625000,93750000
20005224222,78125000,15625000,93750000
3017527,0,0,0
2003638086,93750000,31250000,125000000
4004570109,93750000,31250000,125000000
6004652218,93750000,31250000,125000000
8005494631,93750000,31250000,125000000
10005688852,93750000,31250000,125000000
12005873993,93750000,31250000,125000000
14005863729,93750000,31250000,125000000
16005899258,93750000,31250000,125000000
18006170456,93750000,31250000,125000000
20006633112,93750000,31250000,125000000
2993447,0,0,0
2002571056,93750000,0,93750000
4002606584,93750000,0,93750000
6002630270,93750000,0,93750000
8002992263,93750000,0,93750000
10003739539,93750000,0,93750000
12003753355,93750000,0,93750000
14004360098,93750000,0,93750000
16005169746,93750000,0,93750000
18005635954,93750000,0,93750000
20006447971,93750000,0,93750000
3060951,0,0,0
2003035686,109375000,0,109375000
4003130428,109375000,0,109375000
6003742302,109375000,0,109375000
8004373125,109375000,0,109375000
10005003948,109375000,0,109375000
12005176457,109375000,0,109375000
14005514369,109375000,0,109375000
16005992026,109375000,0,109375000
18006969051,109375000,0,109375000
20007325912,109375000,0,109375000
3093715,0,0,0
2003056608,78125000,15625000,93750000
4003081873,78125000,15625000,93750000
6003250039,78125000,15625000,93750000
8003291884,78125000,15625000,93750000
10003332938,78125000,15625000,93750000
12003984683,78125000,15625000,93750000
14004332465,78125000,15625000,93750000
16004645902,78125000,15625000,93750000
18004989736,78125000,15625000,93750000
20004980657,78125000,15625000,93750000
3158,0,0,0
2000011448,15625000,0,15625000
4000036318,15625000,0,15625000
6000395153,15625000,0,15625000
5995973,0,0,0
2006288489,93750000,15625000,109375000
4007014053,93750000,15625000,109375000
6007593557,93750000,15625000,109375000
8007773172,93750000,15625000,109375000
10007814227,93750000,15625000,109375000
12007877388,93750000,15625000,109375000
14008033317,93750000,15625000,109375000
16008114637,93750000,15625000,109375000
18008291094,93750000,15625000,109375000
20009046265,93750000,15625000,109375000
5581873,15625000,0,15625000
2006389153,140625000,0,140625000
4006905101,140625000,0,140625000
6007707248,140625000,0,140625000
8008229907,140625000,0,140625000
10008336492,140625000,0,140625000
12008945998,140625000,0,140625000
14009216407,140625000,0,140625000
16009309175,140625000,0,140625000
18009416549,140625000,0,140625000
20009462341,140625000,0,140625000
2764,0,0,0
2000278304,46875000,0,46875000
4001109664,46875000,0,46875000
6001675352,46875000,0,46875000
8002275383,46875000,0,46875000
10003246487,46875000,0,46875000
12004005606,46875000,0,46875000
14004574846,46875000,0,46875000
3801515,0,0,0
2003724932,93750000,15625000,109375000
4004390494,93750000,15625000,109375000
6005254223,93750000,15625000,109375000
8006191773,93750000,15625000,109375000
3394915,0,0,0
2003706774,125000000,0,125000000
2826465,0,0,0
2003086215,109375000,15625000,125000000
4003133191,109375000,15625000,125000000
6003771909,109375000,15625000,125000000
8004585110,109375000,15625000,125000000
10005486736,109375000,15625000,125000000
12005694773,109375000,15625000,125000000
14006320070,109375000,15625000,125000000
16006693905,109375000,15625000,125000000
18007041686,109375000,15625000,125000000
20007507106,109375000,15625000,125000000
3626243,0,0,0
2005040265,78125000,0,78125000
4005075398,78125000,0,78125000
6005676219,78125000,0,78125000
8005720827,78125000,0,78125000
10005760303,78125000,0,78125000
12006339017,78125000,0,78125000
14006726275,78125000,0,78125000
1069398,0,0,0
2001022422,0,0,0
4001099005,0,0,0
6001522185,0,0,0
8001537976,0,0,0
10002228012,0,0,0
12002349203,0,0,0
14002758171,0,0,0
16002826464,0,0,0
3047529,0,0,0
2003290699,46875000,31250000,78125000
4004289041,46875000,31250000,78125000
6005083688,46875000,31250000,78125000
8005133033,46875000,31250000,78125000
10006100979,46875000,31250000,78125000
12006721932,46875000,31250000,78125000
14006867203,46875000,31250000,78125000
16006948918,46875000,31250000,78125000
4229433,0,0,0
2004122849,78125000,0,78125000
4004596558,78125000,0,78125000
6004618664,78125000,0,78125000
3888757,0,0,0
2003907706,62500000,0,62500000
4003942049,62500000,0,62500000
3292279,15625000,0,15625000
2003877704,109375000,0,109375000
4004255882,109375000,0,109375000
4279567,15625000,0,15625000
2004718538,93750000,15625000,109375000
3882046,0,0,0
2004009158,62500000,0,62500000
4004036396,62500000,0,62500000
6004957761,62500000,0,62500000
8005236854,62500000,0,62500000
10006119927,62500000,0,62500000
12006341781,62500000,0,62500000
14007300647,62500000,0,62500000
16007389073,62500000,0,62500000
18007462892,62500000,0,62500000
20008113058,62500000,0,62500000
4768672,0,0,0
2005298437,62500000,0,62500000
4006159403,62500000,0,62500000
6007198800,62500000,0,62500000
8007990684,62500000,0,62500000
10008921127,62500000,0,62500000
12009527080,62500000,0,62500000
14010202116,62500000,0,62500000
3543345,0,0,0
2003327807,93750000,0,93750000
4003547292,93750000,0,93750000
6004474183,93750000,0,93750000
8005150798,93750000,0,93750000
10006108480,93750000,0,93750000
12012482631,93750000,0,93750000
14012853703,93750000,0,93750000
16013659009,93750000,0,93750000
18013875731,93750000,0,93750000
20014816833,93750000,0,93750000
3304122,0,0,0
2003586768,78125000,0,78125000
4003612822,78125000,0,78125000
6004376678,78125000,0,78125000
8005189879,78125000,0,78125000
10005594900,78125000,0,78125000
12005641482,78125000,0,78125000
14006264804,78125000,0,78125000
16006809569,78125000,0,78125000
18007113138,78125000,0,78125000
20007153009,78125000,0,78125000
2929497,0,0,0
2002997395,46875000,15625000,62500000
4003777831,46875000,15625000,62500000
4256276,0,0,0
2004837754,78125000,15625000,93750000
3852045,0,0,0
2004718144,46875000,0,46875000
4005445682,46875000,0,46875000
6006079268,46875000,0,46875000
8006166509,46875000,0,46875000
10006738118,46875000,0,46875000
12007334202,46875000,0,46875000
14008304911,46875000,0,46875000
16008407153,46875000,0,46875000
18009017449,46875000,0,46875000
20009659719,46875000,0,46875000
3148586,0,0,0
2003480972,93750000,0,93750000
6464946,0,0,0
2006665877,93750000,0,93750000
4076662,0,0,0
2004247987,62500000,15625000,78125000
3502290,0,0,0
2003058977,78125000,15625000,93750000
3832307,0,0,0
2004165877,78125000,0,78125000
3471104,0,0,0
2003085031,62500000,0,62500000
4003584794,62500000,0,62500000
4273252,0,0,0
2004488789,93750000,0,93750000
4005324491,93750000,0,93750000
4257066,15625000,0,15625000
2004938023,93750000,15625000,109375000
4005270409,93750000,15625000,109375000
3496369,0,0,0
2004266541,93750000,15625000,109375000
4004487605,93750000,15625000,109375000
6004677483,93750000,15625000,109375000
8005607138,93750000,15625000,109375000
10006125060,93750000,15625000,109375000
12007013264,93750000,15625000,109375000
14007468025,93750000,15625000,109375000
16007857256,93750000,15625000,109375000
18008816122,93750000,15625000,109375000
20009307596,93750000,15625000,109375000
3529528,0,0,0
2003868625,93750000,0,93750000
4004686168,93750000,0,93750000
3475841,0,0,0
2004161930,78125000,31250000,109375000
4004192721,78125000,31250000,109375000
3045950,0,0,0
2002895547,62500000,31250000,93750000
3974814,15625000,0,15625000
3158,0,0,0
2004754461,109375000,0,109375000
1999243250,31250000,15625000,46875000
4004813674,109375000,0,109375000
3999354177,31250000,15625000,46875000
3783751,0,0,0
2004004026,46875000,15625000,62500000
4004241276,46875000,15625000,62500000
6005145271,46875000,15625000,62500000
8005167772,46875000,15625000,62500000
10005351334,46875000,15625000,62500000
12005431075,46875000,15625000,62500000
14006177956,46875000,15625000,62500000
16006620480,46875000,15625000,62500000
5035528,15625000,0,15625000
2006446392,62500000,0,62500000
4007155377,62500000,0,62500000
6007277752,62500000,0,62500000
8007310517,62500000,0,62500000
10007592768,62500000,0,62500000
12008549661,62500000,0,62500000
4155613,0,0,0
2005073820,78125000,0,78125000
4005569635,78125000,0,78125000
6005615032,78125000,0,78125000
8005578715,78125000,0,78125000
10006208353,78125000,0,78125000
12007619217,78125000,0,78125000
14007612901,78125000,0,78125000
16008362940,78125000,0,78125000
18008418206,78125000,0,78125000
20008867835,78125000,0,78125000
22009223512,78125000,0,78125000
3974814,0,0,0
2004554319,46875000,0,46875000
4004810911,46875000,0,46875000
6005007895,46875000,0,46875000
8005146060,46875000,0,46875000
10005854650,46875000,0,46875000
12005967946,46875000,0,46875000
14006354019,46875000,0,46875000
16007256829,46875000,0,46875000
18007498421,46875000,0,46875000
20008396100,46875000,0,46875000
4083767,0,0,0
2004007184,62500000,46875000,109375000
4004281541,62500000,46875000,109375000
6005036317,62500000,46875000,109375000
8005969524,62500000,46875000,109375000
10006839570,62500000,46875000,109375000
12006876677,62500000,46875000,109375000
14007581714,62500000,46875000,109375000
16007605005,62500000,46875000,109375000
18007979630,62500000,46875000,109375000
20008719011,62500000,46875000,109375000
4696431,0,15625000,15625000
2005051318,31250000,31250000,62500000
4005081320,31250000,31250000,62500000
6005811622,31250000,31250000,62500000
4249566,0,0,0
2003939681,46875000,0,46875000
4004097189,46875000,0,46875000
6004140218,46875000,0,46875000
8004243250,46875000,0,46875000
10004335228,46875000,0,46875000
12004417338,46875000,0,46875000
14004790384,46875000,0,46875000
16004978683,46875000,0,46875000
18004964077,46875000,0,46875000
20005752013,46875000,0,46875000
3553,0,0,0
2000644639,31250000,15625000,46875000
4001639823,31250000,15625000,46875000
6001837992,31250000,15625000,46875000
8002421838,31250000,15625000,46875000
10003330965,31250000,15625000,46875000
12004172588,31250000,15625000,46875000
14004431944,31250000,15625000,46875000
16005009080,31250000,15625000,46875000
18006007817,31250000,15625000,46875000
20006201643,31250000,15625000,46875000
3158,0,0,0
1999291410,15625000,0,15625000
3999993684,15625000,0,15625000
6000782804,15625000,0,15625000
8000805305,15625000,0,15625000
10000798594,15625000,0,15625000
12001459419,15625000,0,15625000
14002004579,15625000,0,15625000
16002741197,15625000,0,15625000
18002968577,15625000,0,15625000
20003031738,15625000,0,15625000
3998895,0,0,0
2004984210,78125000,31250000,109375000
4005311069,78125000,31250000,109375000
6006121112,78125000,31250000,109375000
8006207564,78125000,31250000,109375000
4076267,0,0,0
2004308780,46875000,0,46875000
4018134376,46875000,0,46875000
6019124428,46875000,0,46875000
8020063951,46875000,0,46875000
10020234486,46875000,0,46875000
3493605,0,0,0
2003753355,93750000,0,93750000
4003866256,93750000,0,93750000
6004570504,93750000,0,93750000
8005191457,93750000,0,93750000
10005197379,93750000,0,93750000
12005875572,93750000,0,93750000
14006708906,93750000,0,93750000
16006717590,93750000,0,93750000
18006734565,93750000,0,93750000
20007005763,93750000,0,93750000
7435654,0,0,0
2008188062,62500000,31250000,93750000
4008542160,62500000,31250000,93750000
6008971656,62500000,31250000,93750000
8009124033,62500000,31250000,93750000
10009154824,62500000,31250000,93750000
12009515632,62500000,31250000,93750000
14010208432,62500000,31250000,93750000
16011176378,62500000,31250000,93750000
18011192168,62500000,31250000,93750000
20011271119,62500000,31250000,93750000
4021791,0,0,0
2004258645,125000000,15625000,140625000
4004313122,125000000,15625000,140625000
6005304753,125000000,15625000,140625000
8005362782,125000000,15625000,140625000
10006261645,125000000,15625000,140625000
5072240,0,15625000,15625000
2005257381,46875000,31250000,78125000
4005298831,46875000,31250000,78125000
6005967156,46875000,31250000,78125000
8006025580,46875000,31250000,78125000
10006275067,46875000,31250000,78125000
12006659955,46875000,31250000,78125000
14006833254,46875000,31250000,78125000
4021396,0,0,0
2004844070,78125000,0,78125000
4005071451,78125000,0,78125000
6005581872,78125000,0,78125000
8005810832,78125000,0,78125000
10006129401,78125000,0,78125000
12006462182,78125000,0,78125000
14006908258,78125000,0,78125000
16006951287,78125000,0,78125000
18007179851,78125000,0,78125000
20007345649,78125000,0,78125000
5112111,0,0,0
2005810832,62500000,0,62500000
4006369414,62500000,0,62500000
6006402969,62500000,0,62500000
8007247355,62500000,0,62500000
4621822,0,0,0
2005067504,93750000,0,93750000
3899811,0,0,0
2003803885,31250000,31250000,62500000
4004497474,31250000,31250000,62500000
6004571688,31250000,31250000,62500000
8005477262,31250000,31250000,62500000
10005915049,31250000,31250000,62500000
12006670615,31250000,31250000,62500000
14007362230,31250000,31250000,62500000
16007445129,31250000,31250000,62500000
18007968578,31250000,31250000,62500000
20008923102,31250000,31250000,62500000
4765908,0,0,0
2005138560,78125000,15625000,93750000
4005408574,78125000,15625000,93750000
6006386783,78125000,15625000,93750000
8007023132,78125000,15625000,93750000
10007449865,78125000,15625000,93750000
12008231091,78125000,15625000,93750000
14009103110,78125000,15625000,93750000
16009341544,78125000,15625000,93750000
18009405100,78125000,15625000,93750000
20009589057,78125000,15625000,93750000
3870994,15625000,0,15625000
2003461235,109375000,0,109375000
4003687037,109375000,0,109375000
3599795,0,0,0
2003563477,62500000,0,62500000
3951129,15625000,0,15625000
2003955471,78125000,15625000,93750000
4003994552,78125000,15625000,93750000
6003984289,78125000,15625000,93750000
8004571688,78125000,15625000,93750000
10005129086,78125000,15625000,93750000
12005330807,78125000,15625000,93750000
14005701484,78125000,15625000,93750000
16006133349,78125000,15625000,93750000
18006849045,78125000,15625000,93750000
20007008132,78125000,15625000,93750000
3812174,0,0,0
2004763145,78125000,0,78125000
4131928,0,0,0
2003664929,140625000,0,140625000
4003755329,140625000,0,140625000
6004393257,140625000,0,140625000
8005738591,140625000,0,140625000
10005913864,140625000,0,140625000
12006304279,140625000,0,140625000
14006561266,140625000,0,140625000
16006626006,140625000,0,140625000
18007107216,140625000,0,140625000
20007576583,140625000,0,140625000
4172983,0,0,0
2004429970,62500000,15625000,78125000
4004510501,62500000,15625000,78125000
6004816438,62500000,15625000,78125000
8005667536,62500000,15625000,78125000
10006054003,62500000,15625000,78125000
12006369415,62500000,15625000,78125000
14006943392,62500000,15625000,78125000
16007742382,62500000,15625000,78125000
18008343598,62500000,15625000,78125000
20008961393,62500000,15625000,78125000
2763,0,0,0
1999785252,31250000,15625000,46875000
4000468182,31250000,15625000,46875000
6000776093,31250000,15625000,46875000
2764,0,0,0
8000836097,31250000,15625000,46875000
2000682931,31250000,15625000,46875000
10001512711,31250000,15625000,46875000
4000836886,31250000,15625000,46875000
12001779962,31250000,15625000,46875000
6001536397,31250000,15625000,46875000
14002184983,31250000,15625000,46875000
3739144,0,0,0
2003914416,62500000,31250000,93750000
4004588268,62500000,31250000,93750000
6004635638,62500000,31250000,93750000
8005217906,62500000,31250000,93750000
4284700,0,0,0
2005195405,125000000,0,125000000
4006011369,125000000,0,125000000
6006914575,125000000,0,125000000
8006955235,125000000,0,125000000
10007631455,125000000,0,125000000
12008311227,125000000,0,125000000
14008618349,125000000,0,125000000
16009204564,125000000,0,125000000
3552,0,0,0
18009627744,125000000,0,125000000
2000532133,46875000,0,46875000
20009879205,125000000,0,125000000
4001337833,46875000,0,46875000
6001713248,46875000,0,46875000
4830649,0,0,0
2005851097,78125000,15625000,93750000
4006811148,78125000,15625000,93750000
6006840754,78125000,15625000,93750000
8007536712,78125000,15625000,93750000
4361677,0,0,0
2004950655,93750000,46875000,140625000
4005913863,93750000,46875000,140625000
6006716406,93750000,46875000,140625000
8007057476,93750000,46875000,140625000
10007070109,93750000,46875000,140625000
12008050686,93750000,46875000,140625000
14008902573,93750000,46875000,140625000
16009791568,93750000,46875000,140625000
18010438181,93750000,46875000,140625000
20010619374,93750000,46875000,140625000
3553,0,0,0
2000716880,15625000,46875000,62500000
4000808858,15625000,46875000,62500000
6001820622,15625000,46875000,62500000
8002465261,15625000,46875000,62500000
10002998579,15625000,46875000,62500000
12003083057,15625000,46875000,62500000
14003187668,15625000,46875000,62500000
16003175430,15625000,46875000,62500000
18003895863,15625000,46875000,62500000
20003944418,15625000,46875000,62500000
4054161,0,0,0
2004298121,62500000,31250000,93750000
4004670377,62500000,31250000,93750000
6005678983,62500000,31250000,93750000
8005971104,62500000,31250000,93750000
10006777594,62500000,31250000,93750000
4312333,15625000,0,15625000
2004128376,31250000,0,31250000
4004983421,31250000,0,31250000
6005844782,31250000,0,31250000
8006762198,31250000,0,31250000
10006790621,31250000,0,31250000
12007759751,31250000,0,31250000
14007912917,31250000,0,31250000
16008805859,31250000,0,31250000
18008920338,31250000,0,31250000
3158,0,0,0
20009626165,31250000,0,31250000
1999996447,46875000,0,46875000
4000061977,46875000,0,46875000
6000566477,46875000,0,46875000
8000583057,46875000,0,46875000
10000912285,46875000,0,46875000
12001596794,46875000,0,46875000
14002155376,46875000,0,46875000
16002433680,46875000,0,46875000
18002740012,46875000,0,46875000
20003103584,46875000,0,46875000
2763,0,0,0
1999545634,0,15625000,15625000
4000050134,0,15625000,15625000
6000715695,0,15625000,15625000
8000765830,0,15625000,15625000
10001206379,0,15625000,15625000
12001450339,0,15625000,15625000
2764,0,0,0
14002342097,0,15625000,15625000
1999921049,0,0,0
16003258724,0,15625000,15625000
4000882284,0,0,0
18004217590,0,15625000,15625000
6001742855,0,0,0
20004598137,0,15625000,15625000
8001748777,0,0,0
22004641165,0,15625000,15625000
10002712775,0,0,0
12002760935,0,0,0
14002940945,0,0,0
4193115,0,0,0
2004479314,109375000,0,109375000
4004878020,109375000,0,109375000
6005115269,109375000,0,109375000
8005463445,109375000,0,109375000
10005799779,109375000,0,109375000
12005825438,109375000,0,109375000
14006714827,109375000,0,109375000
16007228406,109375000,0,109375000
18008089373,109375000,0,109375000
20008890731,109375000,0,109375000
2763,0,0,0
2000150008,46875000,15625000,62500000
4000206063,46875000,15625000,62500000
6000610690,46875000,15625000,62500000
8000821096,46875000,15625000,62500000
10001288883,46875000,15625000,62500000
12001356387,46875000,15625000,62500000
14001947734,46875000,15625000,62500000
16002133270,46875000,15625000,62500000
18002163666,46875000,15625000,62500000
20002446313,46875000,15625000,62500000
4244039,0,0,0
2004651034,93750000,15625000,109375000
4005181588,93750000,15625000,109375000
3953892,0,0,0
2004568530,93750000,0,93750000
4005279883,93750000,0,93750000
6005310674,93750000,0,93750000
8006022817,93750000,0,93750000
10006037028,93750000,0,93750000
12006558898,93750000,0,93750000
14006968656,93750000,0,93750000
3158,0,0,0
16007599479,93750000,0,93750000
2000110137,46875000,0,46875000
18007677641,93750000,0,93750000
4000555818,46875000,0,46875000
20007730933,93750000,0,93750000
6001356387,46875000,0,46875000
8001514685,46875000,0,46875000
10001756276,46875000,0,46875000
12001840755,46875000,0,46875000
14002304989,46875000,0,46875000
16002523685,46875000,0,46875000
18002974498,46875000,0,46875000
3969287,0,0,0
2004052187,62500000,31250000,93750000
4004141402,62500000,31250000,93750000
6004879204,62500000,31250000,93750000
8005148823,62500000,31250000,93750000
10006099794,62500000,31250000,93750000
12006155850,62500000,31250000,93750000
14006478762,62500000,31250000,93750000
18246800,0,0,0
2018589000,0,0,0
17390300,0,0,0
2016853500,0,0,0
16427900,0,0,0
16603100,0,0,0
2016993400,0,0,0
17771800,0,0,0
2017502400,0,0,0
22272000,15625000,0,15625000
22159600,0,0,0
2021806700,0,0,0
17971600,0,0,0
2017829800,0,0,0
17493100,0,0,0
2018343400,0,0,0
21640600,0,0,0
2022426800,0,0,0
18104100,0,15625000,15625000
2018496500,0,15625000,15625000
22810300,15625000,0,15625000
26881600,15625000,0,15625000
2028052700,109375000,0,109375000
24145200,0,0,0
2023700700,46875000,31250000,78125000
18927200,15625000,0,15625000
2018971700,109375000,15625000,125000000
34954400,31250000,0,31250000
2035233600,93750000,0,93750000
19880900,15625000,0,15625000
2020818800,31250000,15625000,46875000
29388900,31250000,0,31250000
16277300,15625000,0,15625000
2016344500,78125000,31250000,109375000
19431100,15625000,0,15625000
2019305600,93750000,15625000,109375000
33121400,31250000,0,31250000
2033325700,78125000,15625000,93750000
18812900,15625000,0,15625000
2019619200,125000000,31250000,156250000
27561800,15625000,15625000,31250000
2030234100,109375000,15625000,125000000
27827400,0,15625000,15625000
2028054400,78125000,15625000,93750000
22897200,15625000,0,15625000
2023603400,93750000,0,93750000
26160900,0,15625000,15625000
19633200,15625000,0,15625000
23030600,15625000,0,15625000
2023816000,78125000,15625000,93750000
33140000,31250000,0,31250000
2033301800,125000000,0,125000000
20879000,15625000,0,15625000
2021532800,78125000,15625000,93750000
22777800,15625000,0,15625000
2023433400,140625000,15625000,156250000
24036000,15625000,0,15625000
2025110800,125000000,46875000,171875000
20897400,31250000,0,31250000
2021115600,109375000,15625000,125000000
17682700,15625000,0,15625000
2017331000,93750000,0,93750000
17997500,15625000,0,15625000
2017787900,140625000,15625000,156250000
28755900,15625000,0,15625000
2028541100,78125000,31250000,109375000
20512600,15625000,0,15625000
2020114000,140625000,0,140625000
21292900,0,0,0
2021631800,93750000,0,93750000
18610700,15625000,0,15625000
2018655000,109375000,0,109375000
16541100,0,0,0
2017061300,109375000,0,109375000
15530800,15625000,0,15625000
2015566000,109375000,15625000,125000000
18488900,0,0,0
2019320600,140625000,0,140625000
16960600,15625000,0,15625000
2018072300,109375000,15625000,125000000
23665700,15625000,0,15625000
21804400,15625000,0,15625000
31206800,31250000,0,31250000
2031816300,125000000,46875000,171875000
24723100,31250000,0,31250000
2024797900,109375000,31250000,140625000
17928700,31250000,0,31250000
2018056600,93750000,31250000,125000000
17777100,15625000,0,15625000
2018539200,109375000,31250000,140625000
33225300,15625000,0,15625000
2033567900,156250000,0,156250000
15374500,15625000,0,15625000
2015014200,125000000,15625000,140625000
18488800,31250000,0,31250000
2018141000,156250000,0,156250000
17719200,0,0,0
2017755400,93750000,15625000,109375000
18094800,15625000,0,15625000
2017905500,140625000,0,140625000
19260300,15625000,0,15625000
2019664000,125000000,31250000,156250000
20492100,31250000,0,31250000
2021025600,125000000,31250000,156250000
17897800,15625000,0,15625000
2017940000,171875000,15625000,187500000
22190400,15625000,0,15625000
2023557800,140625000,46875000,187500000
16595600,0,0,0
2016845900,109375000,15625000,125000000
16280600,0,0,0
2015893800,109375000,15625000,125000000
19796100,15625000,0,15625000
2020530300,109375000,31250000,140625000
16614600,31250000,0,31250000
2016704200,156250000,31250000,187500000
18901100,15625000,0,15625000
2019609000,140625000,31250000,171875000
20047400,15625000,0,15625000
2020156500,171875000,15625000,187500000
19896600,0,0,0
2019890700,109375000,15625000,125000000
20315400,15625000,0,15625000
2020978200,187500000,0,187500000
16989100,0,0,0
2016878200,140625000,0,140625000
21092900,15625000,0,15625000
2020629000,140625000,0,140625000
26056800,0,0,0
2026400000,93750000,62500000,156250000
18489900,15625000,15625000,31250000
2017869800,171875000,31250000,203125000
27870800,15625000,0,15625000
2028275200,156250000,15625000,171875000
20502700,15625000,0,15625000
2020479800,140625000,0,140625000
19226300,15625000,0,15625000
2019563200,156250000,15625000,171875000
24556100,31250000,0,31250000
2024722800,203125000,31250000,234375000
4025022100,203125000,31250000,234375000
18148900,15625000,0,15625000
2018241100,156250000,0,156250000
19327800,15625000,0,15625000
2018956000,140625000,46875000,187500000
24660500,15625000,15625000,31250000
2025334000,156250000,46875000,203125000
17263000,0,0,0
2017832900,109375000,15625000,125000000
19734400,15625000,0,15625000
2019738400,62500000,46875000,109375000
17625100,0,0,0
2017780900,109375000,0,109375000
17756400,15625000,0,15625000
2018511000,125000000,15625000,140625000
19632100,15625000,0,15625000
2014180100,140625000,0,140625000
25966200,31250000,0,31250000
2026449700,125000000,31250000,156250000
17516600,0,0,0
2015883700,156250000,15625000,171875000
22215500,15625000,0,15625000
2029870100,125000000,15625000,140625000
17668400,0,15625000,15625000
2013573200,140625000,31250000,171875000
17466300,15625000,0,15625000
2013757900,93750000,15625000,109375000
20855400,15625000,0,15625000
2022329600,140625000,15625000,156250000
21896800,15625000,0,15625000
2022757600,125000000,15625000,140625000
17303400,0,0,0
2016604300,125000000,15625000,140625000
20692100,15625000,0,15625000
2020990200,156250000,15625000,171875000
19213400,0,15625000,15625000
2019146400,93750000,78125000,171875000
22926600,15625000,0,15625000
2023426600,125000000,46875000,171875000
22123800,15625000,0,15625000
2022669900,140625000,0,140625000
19544500,15625000,0,15625000
2019116200,171875000,31250000,203125000
19080400,0,15625000,15625000
2019936000,62500000,31250000,93750000
27142200,15625000,0,15625000
2027605600,62500000,46875000,109375000
17836600,15625000,0,15625000
2017616100,156250000,15625000,171875000
21093500,15625000,0,15625000
2021804000,125000000,31250000,156250000
20097100,15625000,0,15625000
2021225100,93750000,31250000,125000000
19570600,15625000,0,15625000
2020179600,109375000,31250000,140625000
17247600,15625000,0,15625000
2018198900,125000000,15625000,140625000
33386200,31250000,0,31250000
2034244000,125000000,31250000,156250000
16849200,0,0,0
2025689400,156250000,15625000,171875000
21094300,15625000,0,15625000
2021763900,156250000,15625000,171875000
20600800,0,0,0
2021693900,125000000,46875000,171875000
19658000,0,15625000,15625000
2019640600,109375000,62500000,171875000
17311400,0,0,0
2017606700,156250000,0,156250000
23519900,0,0,0
2028402400,156250000,0,156250000
18525300,15625000,0,15625000
2015275300,156250000,0,156250000
31521100,0,0,0
2031573100,140625000,31250000,171875000
21869500,0,0,0
2022812800,125000000,46875000,171875000
19489600,15625000,0,15625000
2019685100,187500000,31250000,218750000
25409500,15625000,0,15625000
2026184200,156250000,15625000,171875000
20107200,15625000,0,15625000
2020980200,140625000,31250000,171875000
18872600,15625000,0,15625000
2020139900,140625000,15625000,156250000
18158400,15625000,0,15625000
2018098400,125000000,46875000,171875000
17307900,15625000,0,15625000
2017378400,140625000,46875000,187500000
21361400,15625000,0,15625000
2021554700,109375000,31250000,140625000
17602600,15625000,0,15625000
2017909100,140625000,62500000,203125000
19426300,0,0,0
2019422100,93750000,31250000,125000000
16883900,15625000,0,15625000
2017730100,156250000,31250000,187500000
24978500,15625000,0,15625000
21459200,31250000,0,31250000
2028227700,156250000,46875000,203125000
21426300,15625000,0,15625000
2021000700,125000000,15625000,140625000
31938900,0,0,0
2032716100,109375000,46875000,156250000
25588900,15625000,0,15625000
2025809700,93750000,31250000,125000000
19362200,0,0,0
2019491300,140625000,31250000,171875000
29954500,0,0,0
20981700,15625000,0,15625000
2022343700,140625000,62500000,203125000
19506900,15625000,0,15625000
2019668900,140625000,0,140625000
27189800,0,0,0
2027892100,140625000,31250000,171875000
17552500,0,0,0
2017972500,156250000,46875000,203125000
24715000,15625000,0,15625000
2026844900,125000000,15625000,140625000
19527900,15625000,0,15625000
2021458800,156250000,15625000,171875000
20702000,15625000,0,15625000
2020670100,156250000,46875000,203125000
20335800,15625000,0,15625000
2023522700,125000000,62500000,187500000
18420500,15625000,0,15625000
2012764000,250000000,0,250000000
4019349800,250000000,0,250000000
25623100,15625000,0,15625000
2028887700,218750000,15625000,234375000
15840700,0,0,0
2013830100,140625000,62500000,203125000
18753800,0,0,0
2017675200,125000000,46875000,171875000
20838700,0,0,0
2017767600,125000000,31250000,156250000
21797800,0,15625000,15625000
2017104600,187500000,31250000,218750000
21141100,15625000,0,15625000
2021277800,156250000,31250000,187500000
15998600,0,0,0
2016272600,156250000,46875000,203125000
33882500,15625000,0,15625000
2033818100,203125000,31250000,234375000
20972500,0,0,0
2030045200,93750000,78125000,171875000
16782300,0,0,0
2016569700,140625000,31250000,171875000
17834900,15625000,0,15625000
2018954200,187500000,31250000,218750000
15662400,31250000,0,31250000
2009933800,140625000,46875000,187500000
47270400,0,0,0
18738200,0,0,0
2023757000,171875000,0,171875000
24709800,15625000,0,15625000
37028500,0,15625000,15625000
18434700,0,15625000,15625000
2019130700,93750000,93750000,187500000
18340300,15625000,0,15625000
2014781000,187500000,46875000,234375000
17391200,15625000,0,15625000
2017772700,187500000,15625000,203125000
21412900,31250000,0,31250000
2020719200,234375000,0,234375000
17097100,15625000,0,15625000
2019344900,187500000,0,187500000
18741000,15625000,0,15625000
2013275500,156250000,46875000,203125000
17617100,15625000,0,15625000
2017647300,125000000,93750000,218750000
19418200,0,0,0
2015270200,171875000,46875000,218750000
17377300,31250000,0,31250000
2020436100,218750000,62500000,281250000
26741600,15625000,0,15625000
2028203200,171875000,62500000,234375000
16377000,15625000,0,15625000
2003710500,203125000,62500000,265625000
27199400,15625000,0,15625000
2018308600,234375000,31250000,265625000
34673700,31250000,0,31250000
2025251300,234375000,93750000,328125000
28151100,31250000,0,31250000
2042281900,296875000,78125000,375000000
17367900,15625000,0,15625000
2022863800,218750000,31250000,250000000
30659000,0,0,0
2033236900,187500000,46875000,234375000
44039300,15625000,15625000,31250000
2045794200,140625000,140625000,281250000
19970200,15625000,0,15625000
2020468600,203125000,93750000,296875000
24261500,31250000,0,31250000
2036825200,203125000,93750000,296875000
16355100,15625000,0,15625000
2009634800,234375000,78125000,312500000
20719600,15625000,0,15625000
2018722900,265625000,62500000,328125000
15190200,15625000,0,15625000
2006828400,171875000,46875000,218750000
30000400,0,0,0
2037208000,156250000,125000000,281250000
23025500,15625000,0,15625000
2013463500,265625000,46875000,312500000
23931900,15625000,0,15625000
2010427200,218750000,109375000,328125000
16719400,0,0,0
2012364700,187500000,15625000,203125000
29143800,31250000,0,31250000
2040048700,250000000,31250000,281250000
29333200,15625000,0,15625000
15795700,0,0,0
2022621800,218750000,31250000,250000000
20315800,15625000,0,15625000
2008371900,187500000,62500000,250000000
18766700,15625000,0,15625000
2018536400,203125000,46875000,250000000
22257100,15625000,0,15625000
2020211300,125000000,31250000,156250000
17292900,15625000,0,15625000
2018159100,156250000,15625000,171875000
21993200,15625000,0,15625000
2017229200,93750000,46875000,140625000
16945200,15625000,0,15625000
2022590200,109375000,78125000,187500000
17395400,15625000,0,15625000
2023417000,93750000,46875000,140625000
17186900,15625000,0,15625000
2013831400,203125000,0,203125000
20879400,0,15625000,15625000
2018637900,203125000,31250000,234375000
18261700,15625000,0,15625000
2015625100,140625000,15625000,156250000
15992300,15625000,0,15625000
2011509100,156250000,46875000,203125000
20419300,15625000,0,15625000
2026781700,234375000,31250000,265625000
19443100,15625000,0,15625000
2006469100,140625000,46875000,187500000
17064500,0,0,0
2028973600,218750000,46875000,265625000
18646200,15625000,0,15625000
2027464300,187500000,31250000,218750000
23692100,0,0,0
2024017400,156250000,15625000,171875000
17252900,15625000,0,15625000
2017234900,125000000,78125000,203125000
19402700,15625000,0,15625000
2009128800,187500000,15625000,203125000
15852800,15625000,0,15625000
2016218600,250000000,78125000,328125000
18465600,0,0,0
2018527700,109375000,93750000,203125000
18515500,0,0,0
2019157200,171875000,31250000,203125000
19924500,15625000,0,15625000
2019865700,234375000,93750000,328125000
16645500,15625000,0,15625000
2017124700,46875000,46875000,93750000
16383400,0,0,0
2016738000,93750000,31250000,125000000
17291400,15625000,0,15625000
2030741500,156250000,93750000,250000000
17848100,15625000,0,15625000
2015898800,171875000,93750000,265625000
24304300,15625000,0,15625000
2017910000,218750000,31250000,250000000
19126900,15625000,0,15625000
2018604600,187500000,31250000,218750000
17882700,15625000,0,15625000
2006438200,281250000,46875000,328125000
4021104100,281250000,46875000,328125000
25955000,15625000,0,15625000
2024634500,218750000,46875000,265625000
16077700,0,0,0
2017909500,234375000,46875000,281250000
22655200,15625000,0,15625000
2029811200,218750000,46875000,265625000
17971700,15625000,0,15625000
2025688500,171875000,31250000,203125000
22349500,15625000,0,15625000
2017810000,218750000,46875000,265625000
15407300,15625000,0,15625000
2010911800,234375000,46875000,281250000
17158500,15625000,0,15625000
2027559000,203125000,31250000,234375000
35679800,0,15625000,15625000
2048858100,156250000,15625000,171875000
17092300,15625000,0,15625000
2019002700,265625000,31250000,296875000
17024400,15625000,0,15625000
2006299100,234375000,46875000,281250000
17145700,15625000,0,15625000
2016150100,203125000,78125000,281250000
21700500,31250000,0,31250000
2018217500,296875000,109375000,406250000
18854800,0,0,0
2031981200,187500000,46875000,234375000
21506900,15625000,0,15625000
2012994600,171875000,31250000,203125000
15215500,15625000,0,15625000
2014998700,203125000,15625000,218750000
17445600,15625000,0,15625000
2026398200,156250000,93750000,250000000
16880000,15625000,0,15625000
2010624900,234375000,62500000,296875000
23764100,0,0,0
2023614500,171875000,46875000,218750000
16603500,15625000,0,15625000
2017096900,281250000,15625000,296875000
31650500,15625000,0,15625000
2032254200,234375000,46875000,281250000
16785200,15625000,0,15625000
2017304800,265625000,46875000,312500000
15444800,15625000,0,15625000
2016067900,218750000,31250000,250000000
17733900,15625000,0,15625000
2018443800,109375000,125000000,234375000
17712000,0,0,0
2018617800,171875000,93750000,265625000
16861900,0,0,0
2016618000,281250000,46875000,328125000
17270200,15625000,0,15625000
2017042000,234375000,78125000,312500000
17437000,15625000,0,15625000
21457500,31250000,0,31250000
2021698100,203125000,46875000,250000000
17231600,0,15625000,15625000
2017050200,250000000,125000000,375000000
17957500,15625000,0,15625000
2033712700,203125000,15625000,218750000
18027900,15625000,0,15625000
2018424900,296875000,31250000,328125000
18970400,15625000,0,15625000
2019475100,234375000,46875000,281250000
18929900,15625000,0,15625000
2020170700,187500000,62500000,250000000
16885500,15625000,0,15625000
2017664600,265625000,31250000,296875000
18494100,15625000,0,15625000
2030783900,234375000,31250000,265625000
19099000,15625000,0,15625000
2019149100,187500000,31250000,218750000
28055200,31250000,0,31250000
2031408000,187500000,62500000,250000000
20609700,0,15625000,15625000
2020525300,125000000,109375000,234375000
21703000,15625000,0,15625000
2021185000,187500000,78125000,265625000
16717000,31250000,0,31250000
2005018900,265625000,15625000,281250000
19217700,15625000,0,15625000
2019206400,234375000,62500000,296875000
21590800,31250000,0,31250000
2020850200,250000000,78125000,328125000
19726100,15625000,0,15625000
2027569600,218750000,62500000,281250000
16264500,0,0,0
2009827200,187500000,46875000,234375000
19025700,15625000,0,15625000
2028542900,250000000,46875000,296875000
20651800,31250000,0,31250000
2020507900,234375000,62500000,296875000
20030900,15625000,0,15625000
2021492200,125000000,93750000,218750000
19849800,0,0,0
2005855400,171875000,15625000,187500000
15969300,0,0,0
2003836900,140625000,78125000,218750000
20769000,31250000,0,31250000
2018467000,218750000,78125000,296875000
28599800,0,0,0
2025310000,171875000,78125000,250000000
21620500,15625000,0,15625000
2008151500,187500000,93750000,281250000
16563200,15625000,0,15625000
2017450900,187500000,15625000,203125000
19603800,31250000,0,31250000
2017520100,218750000,46875000,265625000
21042800,15625000,0,15625000
2009739800,171875000,15625000,187500000
16528500,0,0,0
2004301600,187500000,62500000,250000000
16761100,0,0,0
2015484200,125000000,0,125000000
17820600,15625000,0,15625000
2016104100,234375000,46875000,281250000
15619800,15625000,0,15625000
2009558600,218750000,0,218750000
19517300,15625000,0,15625000
2010138200,203125000,31250000,234375000
16392700,15625000,0,15625000
2029159100,187500000,46875000,234375000
18453900,15625000,0,15625000
2025373900,171875000,46875000,218750000
16622800,15625000,0,15625000
2024693400,218750000,78125000,296875000
18339500,15625000,0,15625000
2024320400,140625000,62500000,203125000
15850000,15625000,0,15625000
2025682800,156250000,78125000,234375000
34351600,15625000,0,15625000
2042765700,218750000,62500000,281250000
18026700,0,0,0
2004952500,156250000,78125000,234375000
17687000,15625000,0,15625000
2022750900,218750000,62500000,281250000
17441700,15625000,0,15625000
2013167800,234375000,15625000,250000000
18823600,15625000,0,15625000
2018465000,187500000,78125000,265625000
29098400,15625000,0,15625000
2030162700,218750000,46875000,265625000
17027500,0,0,0
2018181700,203125000,15625000,218750000
18451500,15625000,0,15625000
2018253600,218750000,62500000,281250000
25049200,15625000,0,15625000
2026033900,250000000,78125000,328125000
21681000,15625000,0,15625000
2022481600,203125000,62500000,265625000
33890000,15625000,0,15625000
2033599100,125000000,31250000,156250000
16968700,15625000,0,15625000
2016549500,109375000,15625000,125000000
19644900,15625000,0,15625000
2020620300,218750000,78125000,296875000
15713800,15625000,0,15625000
2016056200,265625000,46875000,312500000
20734200,0,0,0
2021639600,234375000,62500000,296875000
19274600,15625000,0,15625000
2018683200,218750000,78125000,296875000
25782600,0,0,0
2026309400,203125000,62500000,265625000
